1000
12 17 169
27 49 83
28 39 207
50 95 197
60 105 154
80 87 297
110 151 26
110 120 267
132 161 289
139 160 41
152 193 34
164 181 16
186 208 17
192 233 101
208 234 73
225 267 58
249 261 295
262 290 194
284 290 185
309 324 287
313 362 145
342 372 131
351 382 272
360 404 275
381 391 228
403 423 20
426 455 14
426 454 164
442 482 74
465 508 282
470 508 122
479 500 271
503 528 223
513 523 234
526 561 224
556 582 66
567 611 178
592 623 68
599 613 164
604 613 45
632 638 58
643 689 58
644 672 46
673 695 291
702 713 64
708 727 21
738 750 159
739 760 83
750 794 86
751 789 271
764 804 175
788 797 104
811 822 271
817 834 145
822 862 163
845 877 206
864 910 83
872 894 135
886 934 172
901 941 271
916 964 6
939 954 214
946 957 96
972 974 168
985 1011 242
1015 1019 293
1021 1063 147
1027 1069 86
1057 1107 296
1070 1071 83
1100 1101 54
1116 1152 200
1145 1151 28
1155 1202 174
1182 1219 105
1206 1221 157
1234 1259 134
1259 1273 66
1262 1266 189
1280 1300 77
1293 1319 98
1308 1327 283
1316 1344 194
1334 1369 293
1353 1360 236
1379 1403 169
1396 1404 299
1415 1445 10
1429 1438 34
1450 1483 244
1475 1523 217
1504 1548 270
1519 1564 122
1538 1555 176
1554 1592 191
1579 1592 47
1588 1608 172
1603 1633 298
1604 1606 217
1611 1654 215
1621 1657 57
1646 1658 131
1662 1674 170
1669 1718 28
1677 1713 154
1691 1695 37
1719 1744 166
1741 1788 104
1746 1778 21
1761 1791 220
1767 1769 20
1781 1818 38
1797 1836 168
1827 1862 178
1841 1860 73
1851 1892 37
1853 1892 151
1878 1883 228
1878 1882 38
1900 1947 215
1929 1946 130
1951 1964 191
1977 2012 153
2001 2039 96
2026 2038 100
2053 2054 8
2069 2101 244
2081 2085 207
2091 2115 256
2100 2117 222
2107 2125 43
2116 2160 220
2118 2142 33
2145 2168 52
2155 2203 140
2160 2209 262
2188 2215 262
2197 2218 211
2217 2226 59
2217 2229 50
2240 2275 197
2255 2278 17
2266 2269 284
2275 2323 189
2305 2333 41
2328 2341 188
2329 2372 135
2338 2348 253
2345 2359 272
2348 2384 290
2356 2389 2
2359 2381 28
2359 2384 150
2373 2384 230
2392 2402 28
2410 2453 195
2424 2456 119
2429 2460 41
2454 2464 32
2480 2494 251
2508 2547 17
2521 2567 147
2531 2576 66
2540 2565 201
2540 2585 145
2562 2569 1
2577 2619 238
2587 2630 57
2588 2637 173
2598 2639 257
2618 2666 172
2633 2635 294
2662 2691 79
2669 2713 191
2692 2737 168
2703 2713 19
2717 2731 140
2720 2754 132
2725 2766 187
2752 2787 18
2772 2809 126
2796 2819 118
2816 2835 202
2836 2878 77
2836 2863 156
2849 2894 40
2863 2883 58
2874 2893 45
2878 2882 35
2878 2912 265
2893 2931 109
2908 2942 282
2911 2949 228
2937 2962 85
2939 2947 225
2962 3010 258
2970 2979 63
2999 3032 220
3028 3072 299
3047 3063 254
3049 3059 186
3066 3112 298
3082 3127 285
3100 3106 13
3120 3157 184
3136 3158 254
3139 3162 204
3168 3177 62
3183 3196 109
3199 3210 243
3221 3242 58
3221 3252 29
3240 3289 174
3261 3311 144
3282 3326 20
3295 3336 126
3295 3297 64
3319 3320 180
3348 3357 100
3364 3396 232
3378 3392 188
3395 3417 84
3398 3427 22
3408 3427 114
3420 3467 155
3428 3435 204
3432 3474 299
3450 3473 252
3473 3496 50
3503 3550 119
3528 3537 86
3557 3565 128
3559 3596 171
3561 3564 262
3575 3606 38
3575 3602 277
3604 3631 226
3623 3639 254
3633 3661 23
3661 3705 292
3675 3710 272
3696 3718 57
3699 3720 15
3725 3766 181
3754 3775 129
3770 3776 289
3790 3798 121
3805 3828 170
3807 3831 213
3816 3860 84
3830 3833 293
3857 3858 177
3867 3879 3
3871 3906 244
3876 3892 157
3898 3926 153
3924 3942 73
3940 3989 206
3942 3975 72
3944 3948 81
3951 3985 232
3978 4025 210
3978 4000 237
3997 3999 52
4017 4053 257
4022 4044 142
4045 4092 1
4048 4059 233
4065 4093 138
4089 4101 254
4089 4127 6
4098 4099 221
4113 4117 161
4135 4167 27
4157 4165 103
4179 4195 40
4203 4221 144
4233 4276 38
4247 4258 77
4268 4291 13
4291 4340 244
4295 4316 258
4307 4309 215
4323 4335 168
4330 4364 234
4343 4390 209
4357 4407 242
4358 4399 226
4384 4415 18
4392 4407 115
4421 4433 10
4450 4466 227
4475 4502 21
4476 4494 186
4497 4528 54
4502 4545 113
4532 4573 56
4545 4572 58
4548 4560 284
4572 4614 163
4587 4590 223
4595 4633 60
4617 4653 59
4621 4638 266
4628 4669 200
4629 4676 2
4635 4660 158
4660 4704 80
4672 4708 15
4698 4723 117
4721 4767 257
4749 4796 195
4762 4765 60
4766 4773 34
4785 4814 25
4792 4819 128
4806 4835 51
4822 4833 202
4832 4865 185
4844 4862 16
4859 4906 153
4863 4891 240
4887 4920 201
4896 4898 12
4913 4962 77
4924 4962 3
4924 4960 99
4932 4946 285
4937 4961 51
4967 4994 165
4989 5029 233
5013 5053 200
5040 5066 236
5043 5093 16
5067 5074 17
5095 5097 129
5101 5117 279
5129 5137 166
5134 5171 130
5137 5139 191
5165 5178 112
5172 5173 15
5172 5180 212
5173 5179 145
5186 5219 230
5191 5235 253
5196 5225 60
5198 5229 251
5210 5237 30
5224 5244 294
5243 5282 167
5258 5265 207
5267 5303 111
5273 5309 285
5303 5327 178
5309 5337 244
5323 5373 90
5334 5384 22
5346 5377 282
5351 5401 165
5359 5392 135
5361 5379 282
5387 5410 240
5400 5416 118
5428 5460 64
5433 5482 45
5452 5490 56
5452 5501 287
5467 5504 3
5493 5515 294
5520 5533 40
5524 5538 69
5524 5556 128
5536 5543 197
5540 5564 235
5569 5601 72
5580 5616 212
5605 5630 80
5613 5646 13
5629 5631 8
5650 5663 99
5655 5658 39
5661 5670 238
5678 5692 68
5693 5696 112
5717 5757 168
5730 5773 148
5730 5746 8
5751 5777 202
5754 5782 191
5767 5801 150
5786 5823 56
5804 5844 80
5819 5837 154
5826 5858 283
5845 5872 213
5855 5890 81
5855 5885 126
5878 5903 116
5883 5932 23
5897 5927 283
5907 5956 93
5915 5921 206
5945 5975 232
5945 5973 265
5948 5956 34
5951 5967 167
5953 5964 151
5953 5963 83
5974 6008 63
5981 5985 95
5994 6017 113
6013 6046 197
6035 6083 11
6035 6048 275
6037 6052 93
6051 6077 56
6077 6115 49
6106 6138 76
6126 6165 74
6154 6172 97
6183 6199 300
6209 6245 49
6209 6215 118
6210 6249 134
6232 6254 29
6256 6290 26
6266 6291 272
6277 6295 242
6306 6351 12
6311 6329 98
6333 6343 60
6333 6383 129
6362 6397 6
6389 6414 159
6402 6445 218
6421 6460 8
6422 6463 153
6422 6462 80
6426 6432 231
6445 6459 279
6456 6485 5
6461 6507 267
6477 6480 189
6482 6486 10
6502 6530 1
6519 6554 50
6528 6538 22
6550 6600 87
6574 6601 90
6579 6588 63
6609 6625 291
6621 6667 58
6651 6665 173
6674 6706 7
6688 6698 233
6688 6733 213
6714 6726 86
6725 6739 183
6752 6782 49
6776 6802 192
6780 6813 274
6800 6805 277
6827 6835 272
6853 6866 72
6865 6911 55
6877 6901 291
6883 6893 232
6913 6937 246
6940 6960 69
6957 6980 113
6984 7011 36
6991 7019 240
6997 7043 174
7021 7070 256
7034 7042 123
7049 7097 156
7062 7078 297
7073 7091 168
7077 7091 290
7085 7113 276
7089 7122 281
7098 7144 125
7122 7158 148
7144 7167 278
7171 7178 43
7199 7202 179
7214 7238 163
7240 7255 47
7266 7315 50
7285 7293 177
7296 7319 138
7321 7331 243
7343 7352 279
7345 7383 226
7368 7393 264
7368 7396 91
7392 7404 131
7420 7459 48
7428 7466 272
7450 7476 237
7480 7484 232
7504 7549 212
7530 7536 292
7560 7588 88
7570 7584 46
7586 7589 181
7606 7652 128
7635 7653 50
7653 7663 158
7660 7701 57
7667 7676 165
7676 7726 257
7680 7730 229
7700 7730 7
7705 7714 104
7714 7734 277
7734 7776 178
7747 7783 176
7772 7803 148
7789 7818 180
7792 7823 295
7810 7837 23
7824 7866 29
7845 7850 238
7873 7884 156
7900 7923 20
7907 7920 285
7934 7946 253
7940 7984 174
7956 8002 45
7971 7975 50
7972 7980 200
7973 7977 68
7977 7978 134
7987 8031 2
7993 8014 288
8007 8051 152
8033 8072 117
8046 8052 191
8058 8079 119
8065 8075 55
8091 8105 298
8103 8138 298
8115 8146 220
8128 8162 242
8143 8154 180
8168 8195 171
8193 8231 253
8199 8245 47
8222 8246 256
8238 8253 150
8252 8288 21
8266 8313 229
8283 8320 247
8296 8315 149
8325 8351 32
8334 8352 45
8343 8392 298
8354 8392 43
8366 8389 17
8382 8410 63
8397 8400 132
8411 8419 230
8418 8439 62
8422 8443 205
8431 8464 136
8451 8467 238
8467 8515 35
8475 8489 243
8498 8508 139
8521 8560 16
8524 8530 110
8529 8569 161
8539 8584 205
8568 8601 71
8587 8600 126
8615 8650 125
8643 8687 154
8673 8691 289
8700 8743 84
8709 8750 234
8721 8761 279
8751 8791 77
8758 8791 105
8761 8787 264
8791 8793 258
8819 8820 256
8835 8885 161
8851 8895 164
8860 8909 122
8890 8920 298
8913 8931 290
8939 8979 95
8968 9009 292
8980 9023 145
9004 9011 88
9032 9073 275
9050 9082 264
9063 9067 263
9075 9113 214
9105 9112 297
9134 9136 85
9162 9194 75
9190 9236 226
9216 9232 54
9245 9250 42
9258 9296 171
9269 9286 41
9273 9311 24
9293 9335 20
9322 9343 293
9338 9365 251
9345 9376 258
9366 9399 249
9378 9394 180
9406 9417 1
9436 9480 213
9436 9465 19
9460 9462 146
9475 9507 41
9483 9498 73
9504 9544 77
9518 9520 216
9534 9546 25
9559 9561 157
9571 9589 102
9596 9611 172
9614 9656 212
9619 9655 184
9625 9653 187
9628 9642 278
9630 9674 158
9631 9676 95
9648 9661 155
9674 9675 145
9677 9713 161
9689 9732 279
9692 9708 300
9695 9708 21
9725 9730 126
9730 9749 164
9734 9762 260
9761 9782 215
9791 9834 289
9799 9826 92
9804 9828 232
9818 9863 261
9820 9823 64
9847 9857 115
9852 9890 200
9866 9868 10
9881 9927 20
9888 9927 91
9912 9944 207
9917 9952 190
9933 9975 88
9942 9991 183
9967 10010 155
9974 10008 189
9996 10045 187
10022 10047 127
10045 10088 206
10058 10072 96
10063 10090 43
10085 10086 56
10114 10144 254
10142 10183 216
10172 10214 186
10176 10185 195
10197 10233 172
10216 10261 39
10216 10225 118
10221 10269 71
10235 10263 61
10248 10276 211
10263 10265 45
10291 10333 125
10303 10308 11
10321 10324 93
10330 10340 171
10353 10374 46
10366 10407 166
10368 10382 73
10378 10416 169
10403 10419 231
10410 10419 240
10427 10471 88
10436 10440 11
10451 10456 203
10481 10502 126
10484 10525 250
10493 10498 300
10523 10526 149
10536 10575 147
10564 10586 261
10585 10629 142
10588 10633 249
10605 10616 222
10621 10624 92
10645 10694 166
10663 10666 32
10681 10705 24
10705 10737 201
10729 10751 41
10754 10801 287
10760 10768 45
10772 10780 177
10798 10812 213
10808 10844 120
10822 10871 77
10827 10835 228
10831 10852 299
10849 10885 20
10870 10875 129
10900 10922 49
10926 10955 124
10942 10976 230
10942 10980 126
10948 10957 170
10978 10999 43
10979 11008 252
11009 11047 111
11036 11080 247
11050 11086 116
11069 11094 97
11099 11115 50
11111 11136 13
11130 11154 174
11144 11156 74
11153 11172 28
11163 11200 148
11191 11204 45
11217 11230 190
11245 11287 264
11255 11291 145
11258 11282 21
11285 11322 57
11297 11323 236
11318 11322 123
11339 11356 263
11346 11382 295
11370 11380 185
11370 11410 230
11377 11398 81
11403 11428 191
11433 11438 126
11445 11476 292
11448 11483 101
11460 11485 180
11464 11486 76
11475 11499 93
11478 11511 212
11488 11504 68
11499 11544 11
11505 11552 245
11527 11548 95
11543 11547 211
11554 11559 176
11555 11603 190
11577 11605 208
11594 11595 46
11610 11650 100
11610 11655 237
11640 11680 173
11656 11687 194
11656 11672 198
11670 11718 74
11690 11726 290
11708 11726 17
11731 11733 178
11749 11767 177
11758 11803 110
11773 11791 269
11778 11784 144
11802 11823 81
11830 11843 132
11853 11892 150
11857 11870 219
11878 11914 169
11883 11927 95
11883 11919 208
11901 11912 228
11914 11935 100
11935 11969 130
11945 11952 84
11957 11997 112
11979 12019 179
11983 12012 240
11997 12000 9
12017 12021 18
12020 12026 282
12029 12048 242
12036 12075 263
12057 12069 280
12068 12112 137
12091 12103 61
12112 12114 125
12127 12144 264
12137 12162 267
12147 12179 144
12174 12193 278
12175 12189 189
12178 12185 148
12206 12255 256
12208 12248 58
12235 12244 212
12262 12263 234
12272 12313 276
12276 12293 51
12306 12344 34
12311 12326 287
12323 12349 79
12331 12333 153
12343 12379 74
12352 12379 262
12376 12402 53
12386 12395 76
12388 12426 286
12392 12419 85
12395 12445 213
12414 12423 202
12434 12466 197
12441 12453 201
12447 12491 136
12461 12462 177
12468 12504 203
12489 12531 61
12512 12525 179
12514 12558 55
12533 12574 144
12553 12559 44
12556 12563 31
12576 12598 93
12605 12624 49
12629 12669 157
12631 12638 179
12644 12671 247
12655 12673 151
12680 12709 105
12690 12706 283
12718 12739 156
12718 12754 262
12738 12768 257
12764 12813 176
12788 12833 175
12811 12812 259
12823 12868 159
12843 12851 143
12853 12903 241
12855 12887 80
12882 12911 19
12903 12936 180
12912 12954 228
12939 12986 184
12946 12981 154
12946 12992 13
12975 12988 5
12989 13026 234
13006 13007 224
13034 13062 206
13053 13073 192
13066 13115 90
13094 13108 178
13116 13132 219
13125 13145 146
13149 13158 117
13167 13208 205
13179 13215 47
13186 13216 129
13196 13217 258
13211 13212 244
13218 13266 193
13247 13256 17
13248 13289 49
13262 13264 100
13288 13304 99
13318 13324 31
13320 13335 11
13331 13355 230
13339 13371 236
13339 13340 117
13369 13400 287
13397 13441 50
13398 13404 189
13409 13447 34
13411 13446 163
13432 13459 44
13451 13486 283
13464 13470 27
13491 13526 45
13500 13547 39
13528 13534 277
13529 13542 101
13557 13563 241
13561 13610 50
13567 13613 50
13593 13608 226
13597 13614 84
13627 13651 206
13645 13683 186
13665 13682 292
13683 13688 8
13687 13689 140
13692 13721 73
13701 13731 223
13726 13741 297
13729 13771 21
13756 13792 189
13772 13794 155
13786 13823 234
13807 13848 39
13808 13829 165
13837 13866 23
13867 13891 227
13891 13907 90
13902 13928 73
13914 13954 286
13915 13933 274
13931 13949 108
13934 13942 139
13953 13961 203
13980 14009 237
13993 14029 69
13998 13999 95
14000 14043 113
14016 14062 237
14038 14073 134
14051 14094 11
14063 14087 117
14069 14091 167
14089 14103 170
14108 14139 180
14130 14140 87
14135 14139 102
14160 14190 287
14187 14189 179
14212 14220 157
14217 14242 254
14246 14282 36
14251 14273 30
14260 14283 27
14263 14313 233
14274 14275 208
14300 14302 54
14307 14328 92
14329 14340 180
14338 14380 50
14340 14363 57
14363 14403 24
14379 14404 124
14407 14412 48
14420 14446 23
14426 14443 112
14439 14443 53
14445 14488 45
14455 14464 174
14477 14481 31
14496 14545 61
14524 14574 181
14526 14554 122
14556 14589 258
14569 14584 119
14590 14602 179
14605 14645 110
14605 14637 242
14621 14648 57
14648 14685 8
14674 14677 186
14691 14708 89
14718 14726 17
14724 14764 293
14734 14755 111
14745 14778 72
14748 14752 77
14757 14804 223
14763 14778 88
14775 14799 69
14801 14850 169
14805 14834 266
14820 14829 199
14830 14859 224
14847 14894 284
14867 14915 76
14869 14913 299
14888 14892 41
14914 14940 271
14927 14940 165
14942 14985 251
14945 14978 82
14949 14950 190
14978 14997 105
14996 15032 93
15022 15038 90
15050 15062 71
15067 15077 274
15094 15119 108
15111 15138 193
15134 15152 2
15154 15158 177
