1000
24 59 278
43 83 81
68 107 176
96 136 247
110 112 181
129 144 198
146 170 8
166 183 106
176 220 167
190 236 150
196 214 101
224 273 158
233 247 278
262 276 94
275 294 295
286 312 95
300 335 268
320 369 109
336 381 187
358 396 144
361 363 177
391 437 71
399 405 197
403 419 48
414 416 244
430 473 80
431 462 64
449 490 220
453 501 15
479 514 215
507 551 193
523 567 92
536 573 263
539 568 208
564 599 95
588 611 40
614 658 217
636 659 202
636 668 243
656 689 216
686 711 247
689 726 128
691 697 116
716 766 11
729 755 32
747 752 226
747 773 83
755 758 25
756 787 257
776 804 288
778 799 66
799 844 191
802 827 131
826 833 293
854 878 179
862 879 162
886 894 123
889 915 118
912 926 7
921 964 139
934 980 142
936 960 115
966 969 299
978 979 23
995 1002 274
1006 1035 124
1010 1013 172
1035 1063 64
1055 1085 24
1077 1112 11
1094 1104 102
1114 1164 274
1128 1161 265
1136 1149 153
1143 1180 18
1163 1213 36
1163 1205 261
1181 1207 239
1200 1205 49
1225 1263 182
1250 1265 140
1280 1319 56
1284 1312 288
1304 1350 85
1329 1360 239
1352 1353 166
1355 1395 238
1383 1403 146
1405 1425 133
1430 1451 89
1455 1472 216
1485 1504 245
1510 1515 282
1521 1542 25
1542 1570 157
1572 1618 180
1587 1611 92
1588 1600 119
1602 1615 24
1623 1665 86
1647 1648 177
1649 1656 249
1650 1660 123
1650 1677 191
1668 1694 2
1695 1726 103
1715 1723 36
1730 1758 267
1736 1758 255
1762 1793 266
1763 1788 110
1770 1786 94
1785 1806 153
1790 1799 258
1806 1844 20
1808 1831 244
1836 1852 243
1836 1846 57
1847 1884 274
1872 1900 292
1897 1919 145
1903 1923 156
1924 1938 87
1946 1955 175
1968 1990 193
1981 2031 243
1989 2036 229
1994 2016 181
2000 2001 186
2026 2064 179
2030 2064 46
2042 2080 147
2047 2071 288
2054 2100 126
2075 2118 139
2087 2105 136
2109 2128 27
2138 2169 197
2143 2164 101
2152 2179 179
2172 2185 203
2178 2210 115
2186 2209 170
2201 2205 31
2231 2264 235
2239 2249 34
2266 2309 241
2277 2319 296
2303 2318 154
2326 2331 208
2354 2383 7
2374 2380 76
2389 2399 4
2412 2448 198
2412 2460 20
2426 2447 178
2443 2490 99
2466 2498 153
2493 2497 195
2501 2539 93
2502 2552 163
2523 2529 64
2532 2540 85
2556 2582 47
2579 2610 275
2582 2621 32
2585 2594 96
2610 2641 125
2619 2635 35
2634 2669 244
2644 2656 75
2651 2700 114
2674 2709 111
2700 2733 174
2700 2741 197
2714 2743 171
2721 2770 150
2734 2771 245
2747 2784 265
2775 2816 226
2793 2798 219
2793 2834 99
2794 2808 144
2809 2857 244
2827 2860 277
2841 2888 42
2852 2876 1
2870 2895 32
2876 2918 262
2896 2946 241
2896 2914 76
2898 2915 148
2921 2923 144
2948 2981 150
2974 2976 118
2975 3008 84
2982 2996 35
2991 3019 227
3004 3039 82
3034 3075 166
3059 3073 85
3088 3132 272
3111 3113 185
3139 3154 167
3163 3174 60
3182 3196 3
3202 3242 181
3206 3237 110
3211 3248 269
3232 3255 232
3243 3270 140
3244 3258 227
3254 3277 193
3263 3298 166
3265 3272 191
3273 3320 229
3274 3324 286
3287 3319 288
3310 3329 37
3324 3339 13
3343 3381 224
3350 3354 282
3368 3371 260
3388 3421 176
3406 3443 3
3426 3455 259
3438 3470 230
3456 3472 239
3460 3482 204
3476 3509 2
3483 3519 215
3498 3515 5
3519 3555 152
3531 3568 1
3547 3548 125
3577 3619 127
3584 3592 12
3595 3620 72
3615 3634 80
3621 3644 25
3644 3664 97
3673 3702 241
3688 3706 6
3715 3755 66
3738 3779 22
3763 3801 238
3785 3825 110
3802 3825 22
3807 3817 207
3826 3871 170
3832 3842 194
3854 3888 57
3875 3908 256
3897 3910 282
3901 3903 88
3901 3922 60
3920 3952 21
3926 3935 224
3928 3944 149
3929 3971 227
3955 3986 105
3977 4023 206
3995 4025 287
4019 4041 113
4048 4063 212
4055 4068 264
4078 4093 293
4098 4106 139
4109 4114 20
4117 4164 220
4130 4156 91
4144 4154 232
4167 4212 69
4167 4212 168
4170 4180 5
4170 4200 67
4195 4217 251
4216 4227 297
4226 4233 163
4244 4262 145
4262 4269 21
4276 4279 280
4299 4344 292
4312 4359 269
4332 4338 73
4339 4378 35
4352 4388 29
4357 4358 198
4368 4382 210
4385 4433 65
4407 4432 22
4422 4457 12
4448 4482 94
4466 4479 215
4473 4502 46
4481 4501 275
4482 4520 133
4485 4526 41
4512 4543 240
4542 4555 97
4562 4580 289
4578 4579 8
4591 4603 125
4598 4635 46
4615 4663 287
4628 4678 80
4637 4661 272
4656 4673 95
4686 4735 214
4700 4749 195
4701 4751 29
4719 4721 282
4737 4763 279
4764 4782 23
4778 4814 266
4806 4849 122
4806 4846 200
4807 4825 229
4813 4856 114
4842 4886 66
4860 4909 191
4867 4897 183
4879 4910 68
4885 4903 60
4896 4910 181
4926 4948 34
4937 4948 242
4947 4948 248
4951 4987 154
4957 4974 276
4967 5010 232
4989 5039 232
5004 5041 113
5034 5075 25
5050 5081 130
5058 5102 48
5058 5061 225
5064 5105 18
5074 5094 191
5100 5114 139
5113 5132 4
5133 5154 194
5159 5208 31
5175 5225 298
5179 5190 183
5197 5234 28
5227 5277 151
5240 5268 246
5240 5289 51
5244 5268 108
5250 5277 29
5267 5283 120
5267 5303 74
5270 5297 160
5285 5334 117
5302 5307 83
5329 5379 59
5337 5371 163
5367 5397 24
5395 5399 153
5407 5443 58
5423 5472 297
5440 5444 58
5463 5480 154
5477 5499 265
5486 5536 224
5508 5551 170
5511 5514 34
5537 5551 255
5556 5601 58
5560 5572 156
5583 5629 272
5609 5638 243
5624 5664 108
5632 5678 1
5656 5701 283
5662 5704 104
5666 5704 61
5673 5680 49
5699 5700 252
5705 5709 251
5706 5708 113
5720 5738 68
5729 5735 62
5742 5787 295
5759 5775 219
5778 5807 99
5799 5825 236
5807 5835 234
5812 5824 142
5835 5864 4
5860 5867 15
5890 5938 67
5913 5957 219
5922 5939 113
5943 5968 225
5944 5951 40
5953 5955 238
5982 6017 136
6000 6011 24
6007 6054 83
6015 6034 121
6025 6071 172
6048 6070 193
6048 6089 73
6061 6107 55
6084 6121 215
6095 6107 258
6118 6136 134
6121 6138 7
6136 6162 163
6151 6185 195
6161 6190 143
6186 6235 178
6194 6224 196
6211 6221 219
6220 6238 2
6234 6261 132
6262 6306 6
6264 6268 3
6294 6338 142
6310 6338 95
6335 6371 107
6362 6405 109
6386 6424 19
6387 6394 287
6412 6460 183
6419 6451 266
6426 6476 115
6438 6470 196
6454 6458 265
6470 6486 93
6474 6509 282
6479 6494 238
6509 6518 88
6514 6546 126
6543 6568 294
6553 6580 207
6555 6604 68
6579 6615 160
6596 6640 5
6623 6662 119
6649 6684 18
6677 6683 78
6703 6739 148
6703 6731 114
6708 6758 199
6726 6763 202
6728 6733 275
6750 6768 203
6752 6797 63
6776 6783 45
6805 6818 178
6816 6861 247
6838 6848 245
6839 6888 49
6845 6882 34
6860 6868 135
6869 6913 2
6885 6904 85
6898 6908 84
6927 6944 240
6946 6980 23
6963 6995 195
6963 6974 65
6975 6985 271
7004 7017 3
7018 7025 196
7035 7036 232
7059 7065 155
7065 7098 257
7085 7091 33
7109 7112 72
7135 7178 167
7141 7166 233
7163 7171 136
7165 7194 151
7194 7227 195
7218 7249 196
7218 7239 22
7230 7269 36
7242 7251 199
7264 7280 162
7269 7304 283
7273 7323 114
7291 7327 239
7315 7347 58
7330 7357 275
7358 7388 54
7380 7428 7
7395 7417 93
7406 7447 77
7422 7454 35
7441 7481 284
7458 7486 180
7486 7502 182
7493 7542 190
7517 7533 199
7544 7566 238
7564 7572 109
7570 7620 186
7595 7638 105
7620 7647 241
7645 7663 19
7663 7672 35
7665 7692 90
7666 7697 107
7692 7740 238
7715 7748 281
7738 7741 23
7746 7779 34
7747 7786 282
7766 7813 259
7772 7787 263
7781 7828 118
7804 7824 149
7810 7816 171
7826 7832 248
7839 7845 277
7853 7854 107
7883 7902 48
7906 7933 273
7907 7952 26
7934 7938 183
7955 7958 188
7959 7987 227
7968 7974 75
7984 8029 101
7990 8037 68
8014 8035 54
8043 8076 29
8044 8052 285
8069 8077 109
8084 8132 123
8092 8138 24
8094 8119 232
8122 8125 258
8136 8179 84
8139 8142 12
8159 8185 120
8185 8222 29
8210 8216 291
8224 8247 15
8231 8263 29
8257 8278 235
8269 8303 103
8297 8313 27
8316 8340 96
8322 8351 174
8343 8348 137
8371 8412 294
8399 8433 199
8399 8416 130
8412 8446 268
8419 8458 177
8424 8439 196
8454 8476 215
8469 8511 179
8477 8494 281
8507 8515 196
8516 8526 81
8545 8589 194
8573 8575 186
8583 8596 52
8600 8645 230
8625 8661 140
8651 8654 116
8667 8710 57
8688 8700 260
8708 8724 150
8729 8773 245
8731 8757 32
8760 8777 266
8766 8776 26
8769 8775 79
8799 8836 62
8813 8835 267
8833 8880 12
8833 8869 136
8846 8848 50
8872 8912 235
8872 8877 138
8885 8893 105
8899 8902 241
8906 8924 232
8936 8969 54
8953 8963 196
8982 9002 208
8994 9012 198
8995 9033 63
9006 9011 11
9033 9034 158
9046 9060 2
9054 9076 96
9058 9059 84
9075 9086 36
9075 9076 16
9077 9091 75
9103 9104 40
9106 9150 15
9119 9138 275
9140 9190 59
9151 9191 15
9167 9197 162
9182 9227 286
9205 9207 207
9220 9222 261
9232 9234 244
9236 9276 284
9237 9251 37
9249 9298 93
9260 9284 245
9271 9294 288
9272 9292 43
9292 9308 220
9315 9326 81
9345 9352 263
9361 9391 183
9367 9377 144
9391 9416 165
9419 9434 161
9430 9464 10
9449 9472 168
9457 9500 50
9478 9482 266
9492 9533 293
9522 9565 237
9547 9550 238
9559 9582 95
9559 9571 141
9577 9616 59
9586 9591 257
9602 9605 151
9615 9621 222
9625 9640 146
9655 9689 263
9685 9734 16
9708 9727 239
9728 9770 213
9738 9739 89
9745 9778 300
9775 9821 42
9791 9824 45
9799 9838 226
9801 9843 125
9830 9876 289
9843 9879 224
9847 9877 72
9848 9890 254
9853 9867 156
9866 9900 54
9896 9919 34
9916 9922 264
9945 9969 241
9959 9978 280
9968 9991 165
9997 10021 115
10021 10070 190
10038 10052 1
10058 10099 250
10084 10109 282
10102 10141 189
10114 10123 241
10130 10150 74
10160 10192 155
10166 10181 112
10187 10200 124
10191 10193 253
10215 10228 131
10238 10256 16
10268 10282 76
10289 10326 42
10293 10343 282
10304 10332 39
10334 10368 208
10359 10375 162
10379 10403 260
10386 10388 190
10408 10444 138
10424 10431 3
10451 10494 153
10452 10496 206
10458 10471 238
10467 10507 162
10483 10509 251
10490 10538 176
10499 10503 221
10515 10543 45
10519 10554 77
10537 10575 111
10565 10603 197
10582 10623 59
10605 10645 8
10619 10653 96
10625 10639 34
10633 10653 241
10637 10647 68
10662 10686 79
10666 10712 16
10692 10731 280
10701 10738 202
10719 10729 223
10735 10758 191
10765 10796 19
10783 10828 178
10797 10843 281
10807 10831 77
10832 10837 95
10837 10857 6
10841 10889 53
10848 10891 151
10855 10872 72
10857 10874 196
10874 10893 8
10888 10915 250
10912 10923 200
10926 10937 2
10955 11000 113
10985 11033 218
10990 11034 6
11017 11063 161
11017 11046 276
11037 11081 72
11051 11059 263
11073 11075 154
11103 11114 5
11114 11151 264
11118 11165 67
11132 11136 119
11153 11191 224
11167 11217 76
11180 11195 199
11192 11231 75
11197 11219 299
11223 11240 295
11228 11272 176
11232 11233 27
11251 11278 192
11260 11275 95
11264 11302 115
11284 11322 177
11287 11333 151
11307 11311 263
11319 11364 175
11320 11363 296
11343 11348 162
11363 11371 194
11373 11374 83
11377 11397 146
11382 11412 136
11396 11442 279
11422 11459 182
11437 11456 148
11451 11493 11
11481 11499 116
11504 11529 173
11533 11555 217
11549 11569 124
11555 11560 280
11564 11583 99
11591 11606 136
11598 11637 125
11624 11640 118
11654 11691 82
11659 11665 22
11684 11718 200
11688 11727 74
11715 11726 36
11718 11729 85
11748 11764 86
11752 11772 161
11769 11785 110
11770 11812 46
11772 11786 43
11782 11790 53
11786 11796 3
11800 11820 99
11813 11835 41
11815 11864 271
11830 11841 43
11853 11892 107
11872 11918 175
11899 11948 197
11908 11941 175
11917 11958 87
11947 11970 35
11961 11963 1
11980 12015 78
11987 12035 300
12010 12011 214
12027 12071 278
12055 12069 287
12058 12105 158
12071 12113 58
12090 12107 247
12103 12146 140
12127 12159 84
12146 12190 203
12151 12199 281
12163 12169 208
12188 12199 291
12196 12219 195
12209 12211 274
12223 12266 114
12249 12283 300
12261 12275 23
12264 12286 287
12279 12284 254
12280 12316 32
12282 12313 125
12308 12357 216
12334 12347 268
12344 12382 277
12361 12399 250
12361 12386 151
12387 12399 115
12408 12448 24
12419 12439 112
12432 12444 111
12442 12483 29
12452 12465 214
12479 12492 13
12504 12545 66
12506 12517 169
12507 12534 24
12520 12557 90
12541 12591 285
12563 12601 67
12577 12611 231
12599 12629 278
12606 12636 106
12620 12657 242
12645 12663 196
12660 12663 275
12673 12682 108
12693 12743 144
12717 12756 192
12720 12750 133
12735 12752 279
12744 12781 57
12761 12802 271
12784 12789 27
12802 12812 180
12829 12858 26
12855 12874 125
12882 12902 161
12910 12956 168
12919 12962 258
12943 12944 168
12960 13009 191
12981 13005 244
13001 13029 148
13015 13052 31
13016 13054 18
13038 13077 205
13048 13089 251
13072 13081 95
13077 13080 246
13083 13113 237
13086 13094 6
13090 13124 91
13116 13125 216
13117 13141 269
13142 13184 93
13148 13179 225
13176 13222 218
13181 13207 238
13194 13225 108
13195 13241 218
13201 13217 287
13212 13213 289
13221 13231 221
13236 13243 47
13236 13255 138
13265 13304 256
13291 13321 235
13308 13336 111
13338 13341 239
13367 13374 256
13391 13433 252
13397 13443 61
13409 13425 275
13430 13479 137
13454 13485 277
13470 13472 83
13482 13505 121
13507 13546 53
13524 13555 19
13526 13535 164
13537 13575 264
13550 13573 188
13556 13568 251
13578 13596 171
13600 13628 129
13624 13652 162
13653 13672 209
13660 13697 176
13683 13715 8
13695 13716 179
13701 13713 65
13717 13757 35
13739 13779 262
13755 13778 126
13765 13788 253
13787 13829 22
13801 13834 144
13820 13845 227
13820 13854 299
13834 13883 269
13859 13876 24
13860 13886 156
13887 13929 247
13909 13954 244
13933 13981 44
13955 13986 30
13956 13988 264
13972 13991 153
13985 14007 11
14007 14040 289
14033 14077 184
14063 14099 199
14076 14107 54
14090 14106 83
14104 14141 240
14113 14114 147
14131 14171 35
14143 14153 239
14150 14163 35
14164 14176 151
14171 14196 86
14171 14218 184
14183 14219 86
14189 14222 43
14189 14229 49
14202 14210 79
14214 14227 200
14218 14236 152
14218 14237 127
14233 14255 57
14249 14297 247
14249 14276 255
14257 14291 156
14276 14296 287
14293 14331 77
14318 14329 67
14324 14351 42
14352 14397 55
14363 14367 156
14374 14375 31
14382 14384 39
14405 14417 247
14406 14423 208
14433 14434 16
14457 14486 297
14478 14507 243
14507 14530 146
14511 14516 118
14521 14535 93
14551 14552 16
14581 14586 222
14586 14618 158
14588 14613 49
14591 14636 144
14605 14615 157
14623 14626 136
14637 14663 29
14652 14702 39
14665 14688 6
14685 14719 73
14691 14732 149
14703 14724 191
14710 14733 76
14733 14760 36
14741 14764 48
14747 14774 265
14757 14769 48
14769 14777 209
14790 14797 43
14790 14821 76
14791 14799 59
14809 14837 116
14831 14842 81
14852 14890 51
14854 14891 227
14877 14913 297
14894 14900 99
14906 14918 236
14911 14930 270
14927 14930 110
14948 14964 266
14972 14973 210
14993 15000 252
15006 15034 162
15012 15058 270
15042 15044 39
15043 15057 221
15073 15105 20
15085 15122 138
15091 15140 110
15103 15145 42
