1000
8 40 246
15 30 40
37 43 60
50 88 20
67 75 133
87 116 111
100 133 122
105 122 202
126 137 20
128 133 53
146 193 210
152 194 78
162 199 73
166 171 74
179 227 260
184 195 174
192 194 93
198 220 206
222 247 64
251 280 55
267 305 117
296 335 159
297 315 181
318 342 141
339 349 43
369 418 147
378 399 43
384 412 11
409 433 1
413 435 226
419 425 296
424 434 203
446 491 120
456 502 198
461 468 71
486 502 233
491 507 226
519 524 235
543 574 159
557 588 41
561 569 280
577 584 37
603 648 158
626 640 25
631 678 236
636 660 127
657 661 16
681 703 5
699 715 160
726 760 108
733 778 180
750 758 35
771 808 174
780 828 221
802 833 153
813 855 168
828 866 14
829 840 245
857 901 110
859 877 131
863 891 55
881 892 266
881 916 148
903 910 227
928 969 99
938 979 49
952 1000 272
971 987 183
982 1001 139
1004 1019 181
1019 1023 286
1019 1051 137
1023 1026 75
1040 1041 152
1070 1095 284
1071 1073 230
1099 1138 116
1124 1147 293
1147 1149 179
1155 1187 276
1164 1200 256
1170 1171 26
1190 1239 110
1193 1202 124
1217 1252 274
1236 1239 189
1260 1298 32
1273 1322 300
1302 1324 82
1309 1322 121
1324 1330 249
1334 1352 242
1359 1400 268
1379 1426 125
1399 1420 84
1404 1417 236
1416 1446 16
1421 1449 70
1422 1428 157
1450 1488 136
1453 1456 216
1481 1520 248
1501 1548 266
1521 1532 142
1542 1552 66
1570 1599 275
1597 1602 7
1622 1649 252
1645 1653 178
1647 1676 263
1647 1696 176
1660 1707 176
1682 1698 139
1689 1702 184
1697 1702 235
1708 1739 111
1725 1771 194
1748 1786 271
1763 1794 93
1784 1795 155
1793 1838 126
1803 1808 42
1819 1837 145
1840 1852 165
1867 1895 63
1891 1940 18
1909 1921 269
1917 1965 187
1945 1960 268
1964 1967 82
1989 2029 27
2003 2027 80
2006 2054 140
2028 2045 36
2039 2073 79
2063 2078 1
2074 2075 246
2082 2109 244
2111 2149 87
2135 2171 12
2139 2154 18
2145 2147 190
2162 2182 124
2175 2218 280
2204 2218 235
2220 2237 266
2234 2239 243
2248 2271 33
2271 2280 29
2295 2337 68
2312 2335 233
2337 2375 70
2346 2374 71
2354 2380 272
2376 2426 125
2393 2442 42
2407 2426 175
2427 2464 299
2442 2482 118
2461 2478 145
2463 2499 28
2471 2491 182
2471 2498 86
2482 2487 78
2507 2508 183
2512 2558 87
2513 2554 210
2531 2569 125
2548 2592 257
2569 2606 236
2586 2617 120
2586 2619 56
2614 2652 278
2627 2652 269
2644 2649 226
2668 2670 105
2684 2713 240
2693 2727 107
2702 2724 212
2704 2729 61
2725 2770 259
2753 2774 263
2782 2811 210
2807 2827 157
2825 2843 102
2825 2861 41
2853 2870 201
2855 2859 24
2867 2883 213
2873 2877 269
2902 2940 275
2919 2945 216
2939 2965 105
2946 2975 165
2954 2981 271
2974 3010 289
2987 2989 82
3003 3009 207
3031 3048 224
3048 3052 293
3075 3077 266
3097 3104 15
3124 3140 285
3154 3176 261
3174 3215 278
3176 3197 295
3199 3238 283
3224 3233 239
3225 3240 117
3245 3285 175
3271 3319 74
3287 3316 191
3310 3344 200
3317 3335 167
3323 3372 20
3337 3364 177
3340 3382 77
3343 3389 122
3357 3372 145
3372 3390 22
3392 3422 213
3401 3433 100
3402 3443 152
3427 3436 253
3429 3436 164
3443 3455 37
3466 3514 108
3482 3519 265
3490 3536 257
3513 3532 85
3536 3559 142
3550 3593 17
3551 3595 207
3581 3608 209
3593 3631 58
3604 3654 107
3614 3650 163
3626 3676 229
3631 3674 106
3632 3660 136
3643 3667 228
3647 3688 192
3656 3687 204
3673 3678 189
3686 3703 20
3714 3721 273
3739 3780 289
3768 3809 48
3772 3816 139
3792 3793 146
3813 3828 154
3843 3859 224
3869 3901 76
3882 3906 283
3904 3912 105
3920 3957 21
3921 3946 141
3951 3972 94
3976 4006 109
4002 4045 108
4013 4048 170
4034 4046 87
4063 4112 189
4092 4126 300
4102 4119 158
4122 4146 157
4126 4172 151
4153 4156 19
4175 4203 3
4185 4194 136
4190 4211 91
4198 4222 184
4222 4267 137
4222 4232 197
4240 4273 74
4245 4289 137
4247 4286 141
4258 4271 34
4260 4310 166
4288 4301 233
4292 4297 286
4304 4321 32
4326 4331 227
4330 4354 163
4330 4342 212
4336 4337 272
4351 4382 66
4364 4392 167
4373 4406 99
4389 4405 275
4403 4416 225
4418 4434 193
4435 4440 191
4459 4497 254
4466 4470 135
4474 4486 196
4484 4489 68
4496 4531 263
4502 4522 23
4508 4539 248
4527 4529 142
4541 4544 247
4559 4592 12
4567 4585 279
4577 4624 66
4602 4617 9
4606 4654 277
4631 4674 230
4648 4684 287
4663 4684 22
4691 4715 280
4703 4713 141
4732 4753 269
4742 4749 111
4765 4812 274
4783 4798 55
4789 4791 229
4807 4845 224
4825 4868 61
4833 4839 10
4847 4858 7
4862 4876 300
4874 4899 180
4877 4917 139
4897 4925 146
4906 4955 140
4917 4942 171
4925 4953 96
4942 4973 191
4942 4968 152
4963 5000 188
4990 5018 299
5001 5010 66
5001 5002 130
5007 5024 4
5025 5029 251
5045 5075 65
5045 5075 121
5048 5069 163
5067 5071 66
5090 5097 187
5119 5150 254
5134 5164 275
5139 5153 70
5140 5179 262
5143 5154 106
5151 5185 83
5154 5199 293
5155 5197 85
5170 5171 38
5200 5243 226
5214 5253 44
5231 5270 165
5235 5282 230
5249 5267 38
5249 5285 116
5252 5281 114
5252 5282 145
5275 5317 132
5279 5308 167
5308 5339 2
5309 5332 45
5327 5339 96
5347 5362 136
5368 5405 211
5372 5400 39
5389 5415 257
5406 5437 247
5429 5442 284
5434 5456 228
5456 5462 153
5481 5513 35
5497 5524 55
5503 5529 268
5532 5581 200
5535 5551 130
5539 5546 272
5541 5558 36
5569 5574 140
5591 5632 89
5606 5641 169
5624 5643 153
5650 5655 6
5667 5706 210
5696 5735 118
5707 5729 67
5733 5735 195
5744 5772 145
5767 5781 191
5783 5827 60
5804 5823 101
5812 5814 13
5834 5866 25
5837 5860 45
5851 5885 254
5860 5908 21
5869 5903 201
5897 5898 203
5902 5941 201
5913 5935 101
5913 5926 234
5925 5965 98
5938 5985 71
5950 5986 177
5958 5995 190
5970 6005 150
5974 6010 171
5993 6011 114
6019 6052 226
6023 6053 269
6046 6094 264
6069 6095 261
6073 6106 30
6098 6118 281
6126 6132 112
6129 6176 285
6153 6192 260
6163 6192 238
6179 6205 101
6184 6228 197
6185 6223 47
6193 6199 118
6203 6211 43
6233 6245 240
6260 6273 6
6271 6275 187
6277 6290 198
6278 6301 287
6289 6325 274
6301 6307 10
6313 6336 116
6316 6358 14
6346 6383 52
6361 6365 49
6368 6371 117
6387 6423 44
6405 6407 4
6431 6467 117
6437 6470 56
6461 6506 243
6464 6470 27
6468 6494 133
6477 6491 149
6490 6520 155
6496 6535 31
6517 6567 155
6533 6535 96
6561 6575 144
6562 6570 40
6571 6605 123
6599 6624 205
6624 6668 234
6638 6655 266
6660 6706 233
6679 6697 246
6696 6730 152
6709 6758 299
6735 6772 174
6753 6796 105
6766 6801 80
6785 6806 254
6786 6809 29
6811 6858 87
6837 6885 114
6854 6861 273
6860 6864 225
6872 6879 295
6897 6938 149
6906 6917 59
6933 6978 45
6950 6991 252
6958 6976 223
6970 7015 142
6977 7003 266
6977 6994 223
6982 7025 172
6996 7016 171
6996 7022 265
7002 7011 231
7003 7040 48
7032 7052 143
7044 7067 255
7070 7116 74
7083 7119 284
7101 7110 211
7105 7131 82
7113 7132 207
7122 7130 90
7147 7168 17
7175 7185 68
7185 7231 291
7214 7241 288
7221 7226 205
7242 7280 93
7259 7289 198
7281 7286 261
7291 7308 51
7316 7334 206
7344 7375 80
7347 7373 99
7371 7386 46
7381 7383 157
7384 7433 293
7402 7403 161
7430 7454 94
7451 7455 298
7472 7506 115
7487 7521 90
7514 7519 85
7523 7558 140
7536 7551 3
7547 7568 128
7574 7623 296
7598 7615 81
7618 7663 149
7647 7667 250
7663 7675 281
7681 7712 298
7692 7697 97
7714 7731 158
7741 7767 156
7768 7790 239
7775 7789 234
7802 7809 40
7814 7832 294
7827 7868 258
7844 7893 216
7846 7861 265
7851 7868 287
7866 7912 238
7879 7881 71
7901 7930 181
7901 7939 277
7902 7909 12
7914 7941 216
7942 7958 282
7970 7990 222
7977 7994 51
7999 8025 165
8006 8032 42
8017 8055 147
8038 8055 138
8058 8077 138
8075 8095 170
8096 8120 78
8114 8119 3
8139 8181 21
8169 8189 278
8199 8230 95
8228 8268 41
8234 8241 166
8262 8286 9
8278 8309 80
8298 8318 5
8325 8350 73
8355 8394 187
8370 8404 75
8395 8439 266
8422 8459 263
8424 8460 245
8453 8479 55
8468 8510 255
8478 8500 171
8506 8528 174
8506 8531 68
8520 8522 171
8529 8551 7
8558 8571 135
8579 8591 152
8581 8587 72
8599 8629 190
8621 8637 32
8643 8648 138
8672 8694 255
8682 8720 91
8709 8747 12
8736 8750 261
8766 8814 248
8777 8823 13
8796 8807 132
8800 8804 284
8811 8860 242
8812 8838 113
8840 8856 217
8844 8874 190
8846 8889 12
8852 8862 182
8864 8876 271
8872 8879 216
8893 8909 109
8895 8931 104
8908 8933 230
8920 8944 201
8934 8946 112
8955 8957 26
8971 9020 39
8995 9004 109
9011 9049 246
9018 9056 27
9023 9029 200
9030 9034 136
9047 9062 61
9049 9062 73
9072 9097 102
9096 9137 163
9123 9149 128
9140 9165 113
9140 9181 291
9156 9159 167
9175 9185 57
9185 9215 29
9185 9186 270
9203 9204 68
9212 9250 127
9240 9271 19
9269 9306 117
9276 9301 36
9301 9306 39
9307 9320 160
9311 9335 18
9340 9352 67
9351 9391 277
9371 9391 67
9386 9411 114
9403 9450 292
9403 9425 99
9424 9454 106
9447 9453 188
9453 9466 137
9480 9504 222
9501 9526 297
9524 9547 84
9537 9563 257
9567 9590 189
9582 9589 25
9588 9597 299
9617 9654 198
9641 9649 17
9653 9682 102
9661 9682 275
9684 9718 269
9700 9749 204
9702 9714 144
9708 9748 143
9708 9718 223
9710 9749 262
9727 9769 122
9748 9757 84
9777 9789 70
9797 9809 77
9823 9824 196
9829 9854 266
9841 9848 1
9855 9884 2
9873 9877 230
9900 9932 18
9907 9942 166
9919 9945 177
9926 9967 14
9944 9957 291
9966 10005 52
9983 9994 10
9995 10024 172
10012 10022 185
10021 10043 14
10022 10056 220
10041 10060 71
10042 10086 163
10046 10061 264
10063 10072 292
10093 10138 164
10119 10139 132
10124 10168 272
10134 10179 5
10153 10202 128
10171 10187 14
10174 10195 290
10197 10202 175
10212 10257 101
10238 10280 243
10244 10287 195
10274 10311 81
10281 10308 104
10290 10303 195
10291 10310 190
10320 10360 247
10329 10371 50
10329 10359 21
10344 10386 95
10367 10372 134
10396 10412 76
10426 10444 77
10426 10450 39
10445 10476 191
10462 10496 275
10468 10474 282
10493 10530 224
10513 10545 162
10517 10529 116
10546 10580 151
10546 10563 123
10573 10600 244
10584 10625 15
10588 10610 223
10597 10618 84
10603 10638 47
10625 10673 77
10638 10676 161
10641 10663 283
10666 10686 242
10679 10717 143
10687 10723 107
10709 10727 237
10728 10737 88
10740 10781 7
10765 10800 245
10782 10831 17
10787 10832 193
10815 10843 3
10835 10874 105
10837 10883 173
10865 10895 16
10873 10878 78
10883 10912 105
10888 10936 190
10894 10909 27
10896 10910 280
10916 10960 81
10925 10960 133
10931 10961 113
10945 10955 133
10966 11012 22
10976 11012 263
10987 11021 34
11003 11048 77
11026 11041 84
11050 11071 93
11078 11089 65
11106 11123 154
11123 11137 289
11152 11157 4
11161 11200 103
11176 11216 63
11199 11209 53
11218 11268 259
11235 11275 6
11259 11296 83
11274 11303 230
11303 11335 15
11316 11361 117
11331 11352 178
11347 11386 299
11350 11371 252
11369 11415 81
11374 11385 292
11396 11441 119
11425 11475 160
11452 11498 245
11471 11520 207
11474 11508 184
11481 11516 207
11489 11528 82
11511 11542 125
11538 11585 237
11550 11568 225
11580 11614 300
11590 11598 280
11605 11623 212
11633 11638 222
11659 11667 86
11685 11717 293
11702 11736 48
11714 11725 170
11729 11733 177
11733 11735 126
11750 11798 61
11774 11791 206
11790 11809 61
11813 11862 263
11814 11851 267
11838 11878 197
11858 11892 224
11858 11881 214
11867 11886 249
11876 11881 215
11883 11887 66
11887 11937 199
11904 11939 46
11904 11933 157
11911 11914 86
11932 11949 84
11960 11978 203
11966 11994 188
11994 12044 110
12022 12041 99
12030 12049 189
12038 12071 106
12059 12081 112
12082 12113 46
12096 12135 50
12115 12126 43
12139 12168 136
12167 12193 140
12194 12239 252
12203 12217 65
12223 12250 8
12225 12241 197
12230 12256 214
12245 12264 121
12264 12301 168
12271 12307 47
12291 12341 29
12298 12335 152
12324 12337 290
12343 12383 190
12369 12386 130
12398 12410 140
12419 12446 111
12435 12448 28
12461 12507 74
12479 12480 74
12492 12522 28
12516 12557 61
12530 12568 133
12536 12559 290
12566 12567 238
12582 12595 295
12585 12607 195
12589 12633 27
12599 12604 170
12620 12626 148
12620 12626 102
12635 12673 14
12647 12669 281
12656 12699 79
12666 12714 92
12690 12734 173
12707 12741 177
12710 12736 297
12735 12764 67
12737 12741 155
12745 12752 161
12763 12813 195
12766 12814 282
12785 12814 189
12803 12822 263
12818 12863 187
12833 12868 288
12849 12895 240
12872 12885 147
12873 12913 62
12875 12905 131
12885 12928 251
12898 12913 289
12906 12934 23
12925 12935 73
12929 12948 219
12938 12939 98
12963 12992 197
12990 13009 164
13019 13035 138
13040 13069 132
13057 13103 26
13073 13103 114
13092 13124 281
13095 13124 143
13106 13121 252
13110 13154 193
13118 13164 293
13137 13170 73
13140 13147 300
13165 13205 198
13195 13231 81
13213 13218 233
13220 13261 153
13227 13272 68
13250 13263 95
13257 13280 261
13271 13288 141
13280 13282 87
13299 13302 280
13300 13343 196
13300 13329 133
13321 13351 108
13332 13378 272
13355 13366 125
13378 13388 55
13408 13445 292
13413 13424 138
13435 13442 129
13441 13457 139
13460 13475 191
13470 13516 274
13473 13522 128
13488 13505 38
13496 13545 59
13496 13517 49
13504 13522 243
13512 13560 266
13534 13575 135
13544 13553 232
13550 13560 294
13554 13596 167
13582 13617 20
13610 13650 157
13635 13663 251
13657 13688 74
13666 13705 108
13672 13681 222
13687 13696 294
13709 13748 131
13712 13720 262
13722 13754 31
13736 13759 211
13744 13768 241
13747 13781 192
13775 13823 32
13802 13834 16
13812 13846 1
13824 13829 217
13832 13838 257
13860 13896 138
13871 13910 81
13875 13886 183
13878 13888 229
13907 13923 32
13909 13910 251
13938 13950 90
13968 14007 35
13993 14023 232
14019 14036 259
14023 14043 89
14047 14058 187
14073 14104 254
14093 14125 10
14116 14138 152
14141 14153 137
14160 14183 91
14164 14196 207
14189 14208 147
14197 14204 114
14222 14237 37
14230 14258 89
14230 14278 78
14243 14253 233
14269 14304 22
14272 14322 240
14290 14301 179
14290 14309 184
14296 14300 144
14319 14361 23
14328 14356 275
14352 14372 291
14368 14380 280
14368 14409 289
14392 14409 124
14394 14408 235
14412 14461 35
14426 14427 185
14455 14485 126
14475 14512 98
14504 14516 39
14505 14546 28
14520 14529 87
14527 14560 166
14555 14601 171
14583 14622 197
14609 14615 264
14609 14633 288
14617 14620 217
14637 14684 195
14655 14679 129
14665 14687 159
14666 14685 258
14669 14702 110
14669 14708 81
14691 14731 272
14691 14693 1
14718 14723 88
14730 14766 106
14757 14765 6
14773 14777 263
14796 14799 92
14805 14854 121
14829 14848 171
14858 14887 9
14875 14916 222
14897 14900 35
14905 14921 275
14916 14954 213
14917 14959 216
14939 14969 279
14940 14960 259
14953 14970 282
14956 14962 11
14971 14974 251
14976 14988 101
14979 15015 201
14982 15029 64
15007 15025 280
