1000
6 34 91
18 59 96
38 76 115
64 113 116
68 84 52
91 139 39
92 111 142
109 120 59
116 148 47
135 164 188
155 186 128
178 196 25
183 191 146
196 197 231
205 254 11
230 271 300
234 283 236
248 275 62
252 270 158
273 292 247
278 292 118
280 324 17
283 288 140
286 290 69
287 307 123
294 340 292
320 338 47
328 331 112
340 343 268
363 387 124
376 382 80
384 404 226
408 451 193
429 443 243
431 471 98
453 455 289
477 480 202
502 511 210
529 531 220
533 572 104
539 573 224
566 573 25
593 609 113
621 663 44
624 636 12
629 679 186
646 680 3
655 681 122
657 658 243
679 706 282
687 695 166
705 734 100
732 782 184
742 786 119
754 786 212
765 780 270
767 782 6
776 798 40
804 811 278
832 859 102
852 876 123
855 887 74
857 881 21
865 899 85
891 915 90
919 960 294
943 985 158
971 975 41
997 1040 92
1022 1037 2
1030 1045 91
1048 1062 238
1062 1092 210
1078 1103 236
1081 1125 145
1111 1139 16
1124 1135 226
1154 1185 53
1166 1183 174
1188 1217 231
1203 1253 237
1225 1259 138
1231 1272 200
1257 1265 135
1286 1295 123
1289 1291 192
1290 1318 59
1290 1322 4
1306 1325 192
1335 1373 273
1338 1378 19
1364 1379 293
1394 1396 282
1419 1441 225
1448 1497 26
1458 1505 159
1486 1512 119
1489 1525 109
1491 1522 18
1496 1501 185
1519 1531 195
1532 1562 33
1547 1594 176
1558 1561 80
1565 1570 115
1582 1618 259
1586 1634 271
1590 1634 49
1604 1615 160
1624 1657 1
1639 1666 212
1639 1667 292
1657 1687 41
1659 1684 117
1675 1689 193
1675 1695 132
1681 1719 110
1697 1703 176
1703 1714 16
1714 1744 131
1731 1736 293
1742 1789 275
1769 1772 233
1784 1805 242
1812 1839 9
1831 1859 90
1859 1901 118
1883 1906 259
1898 1922 204
1910 1935 204
1917 1959 204
1932 1962 92
1948 1987 60
1978 1979 156
1999 2004 81
2013 2044 249
2018 2044 254
2029 2065 19
2046 2065 227
2071 2119 160
2077 2094 104
2088 2118 67
2111 2143 56
2133 2166 54
2161 2200 139
2182 2224 53
2182 2220 215
2206 2209 4
2230 2276 138
2250 2289 124
2255 2271 244
2274 2321 300
2285 2296 246
2292 2303 163
2311 2353 222
2320 2345 15
2329 2332 246
2329 2361 159
2330 2341 161
2358 2392 133
2360 2364 109
2369 2392 48
2389 2439 156
2399 2441 91
2401 2423 38
2431 2451 61
2443 2482 92
2457 2488 44
2481 2522 137
2499 2545 111
2521 2547 34
2538 2582 232
2547 2573 112
2555 2601 188
2570 2612 161
2571 2620 49
2594 2602 160
2595 2643 46
2624 2637 285
2648 2672 97
2668 2712 188
2687 2722 296
2694 2699 253
2712 2754 274
2738 2774 288
2739 2764 269
2745 2768 175
2768 2805 300
2788 2835 234
2803 2832 114
2811 2831 16
2813 2816 97
2831 2854 82
2838 2849 266
2855 2901 24
2874 2916 42
2893 2919 229
2909 2951 207
2920 2966 166
2946 2988 184
2963 2995 168
2978 2999 39
2992 2996 191
3015 3035 224
3015 3056 230
3030 3066 250
3034 3057 146
3044 3077 4
3047 3057 170
3066 3072 58
3078 3117 117
3107 3137 247
3132 3182 69
3158 3175 198
3181 3194 180
3211 3241 141
3214 3241 50
3233 3267 294
3243 3282 48
3254 3297 277
3266 3304 121
3285 3325 284
3294 3324 271
3299 3316 270
3299 3338 164
3316 3364 91
3337 3380 287
3352 3379 19
3353 3386 261
3382 3407 36
3387 3415 97
3405 3448 88
3416 3458 241
3442 3489 76
3469 3470 8
3473 3479 85
3493 3509 219
3500 3521 227
3504 3538 91
3510 3514 230
3527 3554 221
3539 3583 157
3565 3592 296
3588 3596 57
3602 3626 155
3618 3649 288
3618 3629 121
3622 3657 159
3628 3632 210
3656 3671 261
3669 3676 275
3692 3723 75
3705 3731 212
3707 3728 117
3723 3724 101
3744 3752 208
3767 3808 22
3784 3811 3
3788 3803 218
3817 3838 64
3839 3842 162
3846 3895 26
3873 3884 143
3896 3940 137
3901 3951 279
3919 3945 261
3947 3988 42
3958 3992 48
3959 4004 119
3973 4003 43
3990 4024 8
4019 4040 166
4037 4048 237
4041 4080 169
4058 4096 103
4064 4108 268
4081 4124 228
4096 4137 264
4102 4137 252
4124 4171 26
4153 4194 114
4162 4198 99
4191 4240 152
4205 4223 143
4229 4274 196
4255 4290 269
4255 4275 270
4267 4317 247
4268 4277 114
4293 4297 159
4321 4359 137
4322 4347 211
4336 4352 145
4351 4376 71
4378 4415 285
4380 4404 232
4390 4398 197
4414 4452 200
4429 4451 132
4458 4489 253
4470 4493 112
4479 4504 224
4490 4517 173
4517 4535 114
4519 4535 86
4537 4582 235
4565 4587 233
4567 4580 142
4584 4589 130
4605 4642 167
4625 4672 176
4643 4692 132
4653 4696 108
4664 4673 77
4679 4686 138
4705 4749 18
4724 4771 4
4727 4728 121
4753 4756 10
4766 4809 191
4779 4809 283
4789 4838 131
4817 4828 46
4826 4858 149
4854 4901 4
4856 4879 69
4877 4900 251
4883 4915 201
4906 4919 269
4924 4945 285
4954 4992 121
4956 4979 80
4957 4978 276
4976 4991 26
4984 4989 228
4985 5024 270
4990 5025 122
5007 5048 84
5029 5030 195
5055 5079 236
5069 5087 9
5073 5080 70
5095 5102 18
5123 5151 270
5135 5145 177
5137 5160 17
5148 5168 221
5154 5161 262
5183 5205 8
5205 5227 271
5222 5251 291
5246 5281 201
5266 5282 231
5267 5305 216
5278 5301 175
5284 5329 86
5294 5300 243
5315 5349 107
5330 5359 282
5346 5368 114
5350 5368 93
5354 5390 107
5364 5409 125
5389 5421 152
5403 5425 172
5424 5457 15
5430 5471 11
5447 5464 61
5463 5482 176
5466 5486 13
5484 5496 1
5496 5510 195
5504 5520 11
5522 5541 287
5549 5590 127
5579 5593 221
5599 5641 66
5626 5644 102
5651 5678 149
5653 5674 194
5666 5697 44
5686 5721 144
5713 5746 46
5721 5729 293
5736 5737 257
5740 5783 273
5767 5805 200
5772 5789 150
5773 5820 56
5784 5824 159
5794 5799 110
5800 5814 225
5830 5848 176
5860 5870 116
5871 5899 26
5883 5925 298
5904 5946 68
5928 5932 244
5946 5952 260
5962 6004 39
5976 6025 6
5994 6043 92
5998 6037 33
6022 6024 122
6029 6076 114
6055 6084 92
6055 6076 59
6079 6126 132
6091 6132 41
6092 6138 223
6103 6139 196
6132 6159 170
6151 6183 167
6154 6167 136
6172 6215 33
6175 6200 31
6198 6237 225
6210 6225 284
6212 6250 212
6227 6272 21
6248 6294 149
6276 6314 240
6305 6317 202
6311 6338 210
6339 6387 276
6341 6363 193
6364 6403 210
6366 6395 148
6385 6435 10
6415 6433 134
6440 6483 297
6440 6466 111
6464 6500 241
6466 6467 62
6489 6490 182
6505 6553 82
6529 6536 152
6548 6549 230
6573 6587 242
6579 6622 146
6583 6603 244
6601 6617 217
6630 6673 296
6631 6671 189
6643 6662 128
6653 6671 131
6673 6685 160
6703 6715 207
6724 6751 263
6741 6790 233
6756 6770 47
6763 6780 35
6776 6786 180
6785 6817 195
6804 6836 135
6814 6849 81
6835 6867 153
6838 6859 256
6859 6893 5
6868 6889 114
6871 6909 59
6898 6932 198
6914 6935 176
6931 6947 34
6934 6968 96
6942 6961 83
6954 6962 240
6980 6983 27
7000 7021 299
7006 7042 237
7023 7049 52
7038 7049 7
7051 7099 222
7053 7092 27
7056 7060 13
7061 7106 252
7066 7083 266
7081 7096 203
7102 7116 25
7108 7133 169
7115 7141 63
7126 7154 123
7153 7195 24
7173 7212 102
7174 7179 26
7186 7199 8
7205 7218 282
7209 7247 246
7232 7256 158
7247 7277 71
7263 7278 62
7290 7317 113
7319 7331 299
7349 7361 242
7357 7376 17
7382 7410 284
7403 7425 298
7425 7435 37
7443 7468 131
7448 7460 231
7459 7487 204
7464 7505 12
7465 7477 138
7479 7527 80
7488 7538 96
7503 7511 240
7532 7576 93
7547 7573 60
7572 7591 16
7582 7610 30
7610 7629 127
7616 7633 177
7622 7660 161
7649 7653 241
7678 7721 81
7694 7704 106
7705 7713 41
7719 7744 218
7739 7787 101
7756 7766 144
7775 7820 26
7796 7809 208
7818 7853 53
7818 7839 195
7833 7880 16
7861 7875 250
7872 7887 67
7872 7906 216
7875 7921 293
7892 7904 61
7897 7917 123
7902 7919 54
7918 7956 179
7918 7932 46
7943 7982 177
7973 7987 82
7980 7986 225
7985 8022 20
7998 8012 95
8024 8035 165
8045 8095 199
8069 8075 178
8088 8106 279
8111 8130 134
8140 8158 161
8148 8192 109
8162 8176 203
8171 8215 85
8177 8181 150
8182 8203 183
8198 8206 79
8227 8253 92
8253 8268 65
8259 8274 267
8281 8329 5
8283 8292 170
8287 8337 33
8310 8344 297
8322 8371 81
8350 8389 66
8363 8373 224
8377 8384 115
8396 8441 206
8408 8410 7
8415 8444 277
8427 8435 179
8427 8454 30
8440 8455 11
8455 8488 99
8483 8517 299
8511 8517 297
8521 8536 296
8530 8577 183
8534 8572 97
8542 8550 93
8549 8590 84
8560 8583 38
8572 8584 212
8587 8601 168
8593 8628 98
8621 8626 291
8651 8691 23
8663 8672 13
8674 8712 20
8700 8740 124
8704 8749 103
8729 8778 153
8757 8759 237
8781 8824 17
8810 8841 151
8824 8853 296
8851 8885 172
8878 8904 92
8896 8922 50
8913 8915 185
8940 8956 225
8963 8995 9
8973 9000 105
8981 9015 168
8982 9016 166
8982 8993 60
8993 9037 104
9001 9042 160
9023 9068 67
9029 9068 34
9055 9098 261
9082 9103 12
9100 9118 205
9118 9164 31
9125 9150 49
9137 9176 202
9138 9142 109
9161 9185 273
9169 9194 42
9198 9238 215
9214 9232 122
9232 9236 90
9249 9284 8
9278 9295 276
9280 9287 19
9297 9325 241
9319 9334 58
9321 9358 276
9348 9364 195
9349 9378 295
9373 9382 126
9378 9389 228
9385 9416 123
9408 9443 195
9410 9424 261
9421 9434 175
9426 9435 172
9427 9439 260
9431 9457 135
9456 9465 231
9465 9467 268
9486 9516 162
9490 9533 169
9493 9533 209
9511 9519 91
9534 9567 249
9554 9562 223
9567 9600 291
9574 9598 250
9586 9633 111
9616 9648 55
9645 9648 166
9656 9681 126
9683 9711 272
9686 9700 106
9698 9736 175
9711 9724 289
9741 9764 280
9741 9791 27
9758 9796 277
9768 9792 162
9777 9783 165
9806 9816 242
9811 9830 212
9830 9851 289
9854 9876 160
9880 9921 144
9900 9941 55
9916 9929 259
9925 9961 265
9943 9944 11
9946 9947 229
9962 9976 271
9976 10012 234
9979 10017 64
10002 10009 211
10024 10025 265
10027 10050 271
10042 10052 139
10065 10083 103
10069 10105 156
10078 10093 95
10105 10107 143
10124 10161 218
10153 10177 1
10172 10173 276
10178 10222 236
10185 10191 250
10204 10252 20
10210 10252 33
10220 10240 72
10249 10293 89
10271 10279 125
10273 10283 78
10273 10289 288
10301 10304 275
10318 10334 150
10345 10381 35
10373 10387 224
10392 10423 259
10406 10413 153
10436 10475 245
10438 10461 168
10445 10472 19
10466 10489 25
10489 10508 296
10513 10537 153
10536 10561 263
10545 10591 95
10554 10569 110
10555 10590 138
10574 10582 1
10576 10601 222
10592 10600 282
10596 10608 27
10596 10619 299
10608 10646 294
10621 10655 292
10624 10649 240
10627 10674 131
10629 10677 112
10631 10681 286
10658 10664 37
10683 10704 19
10708 10720 222
10717 10752 120
10720 10732 244
10745 10779 42
10775 10780 2
10801 10809 288
10820 10836 38
10849 10884 133
10864 10872 163
10864 10897 3
10889 10918 86
10903 10951 292
10915 10925 33
10938 10946 250
10942 10957 213
10964 11001 74
10985 10986 254
11002 11041 190
11023 11066 240
11048 11055 33
11068 11099 251
11073 11116 12
11077 11083 148
11100 11118 9
11106 11154 24
11124 11158 37
11136 11166 176
11144 11193 199
11144 11148 42
11151 11184 1
11153 11183 166
11166 11199 228
11181 11221 111
11189 11196 70
11211 11242 256
11221 11266 154
11242 11246 275
11250 11257 19
11252 11279 26
11270 11299 88
11299 11309 176
11317 11318 241
11341 11350 193
11353 11367 60
11372 11388 236
11383 11421 96
11413 11456 74
11431 11463 143
11435 11468 151
11452 11455 48
11480 11522 12
11500 11541 252
11506 11513 93
11510 11529 269
11522 11548 296
11525 11553 189
11532 11571 128
11533 11545 184
11548 11594 231
11576 11589 47
11589 11619 93
11596 11646 73
11626 11659 172
11646 11668 103
11653 11684 280
11675 11701 233
11684 11724 70
11695 11735 166
11708 11717 258
11726 11742 68
11739 11745 272
11767 11797 66
11794 11815 109
11818 11842 246
11825 11875 151
11837 11875 289
11858 11861 116
11863 11898 66
11867 11883 254
11867 11902 63
11887 11898 152
11899 11924 88
11918 11960 195
11932 11976 163
11957 11996 17
11987 12033 271
12000 12025 87
12014 12042 150
12041 12071 122
12066 12098 191
12075 12107 229
12094 12109 52
12094 12120 268
12119 12132 67
12128 12143 169
12150 12177 7
12171 12198 167
12196 12201 192
12196 12234 65
12221 12258 96
12251 12271 218
12275 12314 150
12292 12329 155
12294 12326 86
12296 12319 153
12306 12343 264
12321 12345 54
12331 12355 159
12353 12364 156
12356 12378 244
12383 12407 58
12398 12441 25
12421 12464 6
12437 12461 14
12441 12485 4
12464 12489 140
12489 12512 159
12505 12509 57
12529 12569 56
12530 12538 278
12551 12556 22
12580 12604 90
12581 12629 278
12586 12604 16
12607 12633 38
12629 12663 61
12629 12647 167
12642 12656 59
12648 12669 121
12657 12680 9
12687 12730 54
12706 12735 210
12732 12747 39
12740 12779 44
12766 12798 237
12773 12784 150
12794 12809 262
12809 12820 195
12813 12860 299
12823 12829 89
12847 12859 48
12869 12891 193
12898 12908 96
12908 12924 163
12935 12971 119
12954 12961 300
12971 12985 120
12991 13004 34
12993 13003 57
13007 13051 244
13016 13048 6
13019 13033 114
13039 13052 158
13069 13116 106
13074 13095 141
13103 13146 212
13104 13138 88
13128 13138 186
13158 13186 171
13170 13205 33
13184 13208 288
13207 13246 62
13215 13249 146
13225 13236 218
13248 13256 141
13270 13277 258
13282 13297 47
13285 13302 46
13303 13335 134
13304 13352 95
13305 13345 151
13312 13338 175
13325 13348 253
13345 13353 29
13362 13396 78
13384 13428 95
13389 13429 20
13392 13423 14
13400 13443 211
13402 13410 245
13426 13449 250
13435 13474 42
13437 13457 136
13459 13473 141
13486 13530 31
13497 13506 210
13526 13553 203
13528 13577 223
13553 13565 101
13561 13567 129
13580 13616 265
13603 13614 93
13613 13622 144
13640 13657 8
13649 13678 62
13669 13703 281
13694 13725 174
13694 13719 143
13698 13713 155
13701 13748 223
13717 13744 103
13733 13741 292
13752 13770 243
13774 13792 193
13792 13826 212
13805 13841 138
13806 13844 212
13822 13862 275
13832 13845 172
13860 13895 203
13866 13872 26
13876 13898 141
13883 13898 85
13902 13924 144
13912 13921 177
13941 13955 126
13946 13982 196
13946 13995 278
13965 14000 171
13975 14006 93
13975 14015 168
13980 14030 202
13982 14003 175
13983 14002 44
13985 14024 130
14013 14062 63
14013 14062 62
14027 14037 260
14029 14050 159
14049 14065 165
14064 14073 184
14093 14100 162
14109 14115 284
14122 14147 88
14145 14156 214
14161 14168 173
14171 14221 127
14199 14244 25
14224 14235 199
14240 14255 138
14261 14300 111
14280 14289 191
14310 14356 278
14313 14325 81
14336 14375 50
14342 14350 13
14357 14407 34
14376 14385 284
14406 14428 279
14431 14434 286
14452 14499 291
14474 14483 274
14485 14533 271
14495 14535 285
14499 14507 206
14518 14560 180
14518 14564 235
14541 14557 59
14565 14572 78
14585 14614 291
14608 14624 141
14624 14659 8
14649 14656 1
14657 14659 112
14673 14715 177
14678 14679 194
14700 14744 42
14717 14749 238
14741 14788 67
14746 14784 77
14776 14786 281
14783 14787 298
14813 14836 180
14832 14851 278
14860 14892 3
14860 14888 258
14876 14890 67
14889 14895 12
14910 14953 287
14920 14940 155
14940 14982 294
