1000
15 30 125
27 28 141
53 83 83
70 72 87
95 119 23
100 128 55
107 130 16
131 139 25
154 165 150
184 215 235
195 202 66
199 241 264
225 233 241
242 292 184
248 280 107
254 258 286
272 302 159
275 290 252
282 313 285
288 319 273
308 344 266
308 351 236
316 317 12
330 341 95
351 376 18
378 410 171
408 450 94
413 463 49
434 468 147
451 487 248
453 468 200
481 484 34
503 528 17
525 533 49
553 580 16
582 614 144
594 606 185
595 632 33
597 618 30
610 645 19
614 649 189
618 643 124
648 688 261
671 672 77
685 695 80
714 742 120
716 763 96
727 777 155
745 764 183
765 776 295
770 817 256
785 805 65
796 808 81
808 858 212
828 872 64
854 897 74
857 874 287
874 896 191
904 949 221
915 917 286
919 944 236
928 939 115
943 961 266
970 995 185
976 1019 65
1000 1035 94
1009 1019 110
1010 1021 261
1015 1065 37
1041 1066 148
1054 1079 219
1059 1101 260
1065 1090 174
1084 1086 228
1099 1105 52
1123 1153 83
1148 1157 266
1157 1193 264
1184 1230 154
1188 1208 245
1189 1193 130
1204 1247 136
1217 1265 25
1226 1230 203
1232 1235 249
1243 1260 288
1260 1275 147
1288 1331 249
1310 1359 93
1333 1359 63
1346 1357 176
1360 1369 84
1384 1393 224
1399 1436 177
1405 1414 38
1421 1422 129
1425 1456 207
1430 1462 117
1452 1474 107
1469 1480 79
1474 1499 220
1482 1510 265
1505 1536 212
1513 1534 134
1515 1541 3
1545 1551 153
1559 1571 182
1573 1596 25
1598 1611 219
1624 1674 241
1635 1637 175
1645 1678 154
1661 1701 177
1678 1690 132
1690 1692 254
1699 1721 54
1705 1745 15
1711 1714 277
1719 1747 105
1730 1740 112
1751 1778 50
1768 1800 232
1779 1824 268
1805 1836 272
1816 1857 30
1831 1863 245
1845 1865 251
1848 1890 154
1862 1882 36
1874 1909 173
1882 1930 172
1908 1930 265
1926 1955 55
1940 1948 30
1960 1976 47
1987 1988 18
2000 2039 272
2007 2042 45
2016 2033 177
2033 2057 92
2036 2082 214
2054 2067 163
2084 2106 101
2111 2124 211
2112 2114 113
2123 2151 7
2134 2184 99
2149 2176 63
2160 2189 261
2165 2184 215
2188 2189 261
2197 2239 185
2209 2249 87
2215 2251 183
2219 2256 127
2245 2284 208
2256 2283 49
2280 2310 28
2293 2328 210
2296 2302 28
2310 2315 148
2325 2342 52
2330 2368 185
2336 2383 259
2365 2400 217
2371 2411 35
2399 2429 112
2418 2425 282
2445 2479 126
2452 2456 109
2462 2504 92
2472 2498 50
2489 2533 144
2508 2533 227
2528 2546 176
2551 2592 101
2570 2617 81
2578 2617 49
2605 2653 2
2624 2638 243
2638 2639 237
2661 2663 110
2661 2678 180
2687 2726 265
2704 2734 174
2706 2739 40
2712 2758 202
2726 2770 8
2737 2760 254
2767 2770 255
2780 2808 1
2780 2817 31
2801 2812 223
2801 2833 260
2825 2864 202
2853 2883 61
2866 2911 160
2874 2921 79
2884 2923 242
2909 2949 23
2921 2962 127
2929 2937 140
2930 2954 258
2959 3009 64
2972 3014 43
3001 3033 79
3021 3057 226
3022 3071 280
3034 3042 256
3059 3089 152
3065 3093 202
3082 3083 275
3109 3124 63
3139 3158 261
3142 3175 127
3154 3201 266
3167 3210 287
3192 3197 11
3216 3229 21
3238 3278 253
3265 3279 139
3284 3315 239
3288 3290 80
3309 3355 201
3323 3341 84
3331 3373 21
3351 3385 297
3376 3411 11
3400 3433 75
3416 3462 110
3442 3443 175
3464 3505 161
3471 3482 76
3490 3526 165
3509 3541 215
3513 3541 279
3531 3577 235
3551 3582 277
3553 3558 193
3559 3575 15
3559 3566 248
3581 3626 150
3598 3644 187
3608 3632 154
3618 3664 23
3631 3634 57
3631 3655 89
3654 3665 270
3675 3719 227
3687 3722 246
3706 3744 135
3713 3723 176
3728 3768 58
3750 3764 275
3780 3814 248
3801 3804 109
3821 3857 248
3827 3829 82
3846 3882 92
3846 3890 260
3846 3893 99
3869 3899 159
3884 3903 222
3896 3921 291
3909 3940 177
3932 3979 245
3934 3967 157
3947 3994 70
3974 3989 49
3975 4017 297
3994 4007 218
4007 4013 203
4024 4067 145
4032 4055 87
4048 4081 90
4053 4054 24
4059 4066 223
4060 4109 170
4064 4083 52
4069 4099 150
4078 4112 295
4082 4096 102
4099 4126 163
4124 4138 32
4142 4172 222
4143 4155 116
4173 4190 265
4177 4200 167
4202 4209 255
4229 4258 172
4246 4275 290
4270 4291 285
4273 4296 23
4274 4299 180
4290 4313 139
4300 4316 32
4327 4370 73
4345 4348 90
4346 4351 299
4346 4393 269
4355 4398 50
4367 4369 109
4393 4417 133
4411 4455 7
4428 4445 142
4455 4479 165
4475 4496 199
4489 4519 150
4517 4531 187
4524 4532 60
4531 4569 78
4544 4592 16
4557 4591 169
4581 4603 157
4592 4595 103
4609 4627 193
4614 4633 139
4620 4669 32
4643 4665 54
4647 4657 91
4652 4671 233
4664 4703 245
4676 4685 21
4679 4708 190
4703 4745 218
4710 4743 271
4739 4778 119
4749 4786 224
4749 4789 272
4777 4811 265
4788 4836 269
4799 4808 147
4809 4832 43
4836 4875 148
4864 4890 123
4883 4899 207
4912 4950 285
4939 4962 270
4954 4977 204
4955 4973 95
4983 5000 14
4990 4991 47
5004 5035 255
5018 5047 261
5042 5064 196
5064 5100 171
5074 5091 5
5076 5124 222
5105 5135 39
5114 5148 175
5125 5149 5
5133 5175 112
5158 5200 96
5173 5205 169
5177 5184 68
5199 5201 231
5207 5210 209
5227 5265 207
5250 5274 130
5252 5253 278
5274 5278 228
5284 5289 19
5301 5306 52
5306 5331 57
5331 5362 152
5340 5378 77
5351 5367 92
5371 5376 160
5394 5412 30
5394 5399 288
5406 5449 118
5417 5454 237
5428 5463 190
5437 5463 74
5466 5511 165
5495 5540 235
5521 5570 236
5533 5568 92
5562 5580 165
5573 5576 106
5589 5619 161
5616 5663 200
5640 5647 300
5646 5675 237
5674 5682 179
5700 5750 210
5708 5740 107
5719 5764 240
5726 5761 182
5734 5737 286
5736 5746 10
5758 5786 299
5769 5781 105
5796 5831 262
5816 5864 195
5822 5827 95
5831 5833 277
5845 5883 211
5857 5860 48
5886 5891 7
5897 5914 299
5897 5907 300
5924 5925 147
5924 5938 202
5954 5955 95
5976 6008 51
5997 6027 206
6001 6049 110
6015 6020 15
6043 6048 37
6057 6074 53
6057 6093 27
6073 6104 128
6090 6135 12
6109 6124 232
6110 6160 58
6128 6135 71
6145 6191 276
6157 6207 252
6168 6206 72
6180 6203 86
6184 6232 104
6194 6215 245
6196 6233 219
6224 6241 214
6229 6277 267
6244 6269 35
6246 6295 160
6274 6301 249
6296 6310 167
6321 6346 116
6351 6362 247
6369 6390 191
6394 6435 23
6414 6457 297
6422 6439 42
6438 6474 192
6439 6484 225
6445 6452 118
6464 6494 174
6486 6499 192
6507 6510 105
6533 6534 33
6549 6594 189
6563 6592 88
6563 6580 186
6582 6583 74
6607 6626 180
6614 6631 239
6626 6641 102
6641 6689 34
6647 6692 122
6662 6710 243
6682 6724 131
6698 6723 269
6712 6760 46
6725 6744 205
6748 6762 251
6752 6774 267
6754 6756 56
6760 6798 101
6776 6824 106
6792 6812 10
6810 6817 228
6815 6860 267
6842 6868 166
6850 6877 27
6858 6901 20
6873 6893 294
6886 6897 284
6915 6921 26
6932 6933 130
6954 6959 164
6961 6991 222
6967 7010 113
6982 7031 66
6992 6999 124
7001 7016 16
7012 7024 109
7018 7025 221
7030 7032 272
7041 7049 48
7051 7071 17
7073 7109 80
7094 7143 207
7101 7118 66
7107 7128 290
7134 7172 27
7136 7155 192
7155 7159 256
7182 7202 78
7202 7221 150
7209 7245 266
7220 7233 49
7234 7260 99
7247 7254 26
7276 7284 14
7298 7344 6
7322 7353 65
7347 7386 214
7352 7373 133
7375 7391 169
7389 7424 73
7409 7426 290
7425 7432 145
7446 7487 164
7467 7512 122
7491 7521 164
7510 7552 143
7534 7549 124
7549 7560 184
7573 7577 172
7574 7582 46
7594 7620 73
7599 7635 151
7627 7671 275
7634 7658 65
7645 7685 122
7664 7693 203
7665 7678 237
7667 7693 283
7677 7712 249
7700 7743 179
7720 7732 238
7735 7749 149
7737 7774 40
7747 7795 201
7769 7791 223
7796 7837 224
7813 7839 294
7828 7874 295
7857 7875 101
7869 7900 186
7898 7907 113
7925 7938 152
7925 7973 46
7939 7972 169
7949 7987 26
7966 7990 138
7992 8011 86
8017 8042 43
8026 8061 267
8045 8051 144
8052 8090 50
8069 8072 286
8087 8136 79
8104 8122 111
8134 8157 149
8143 8147 186
8172 8182 215
8188 8221 120
8199 8214 110
8222 8253 300
8234 8246 46
8241 8278 120
8266 8302 220
8283 8318 115
8287 8317 25
8294 8336 248
8313 8362 162
8338 8388 79
8344 8353 168
8344 8369 27
8348 8357 279
8374 8411 261
8383 8395 207
8384 8412 174
8411 8458 1
8423 8468 10
8447 8452 112
8456 8495 288
8485 8492 71
8505 8512 116
8521 8530 18
8536 8554 7
8564 8575 30
8566 8582 175
8570 8589 268
8592 8628 194
8622 8657 74
8625 8637 176
8630 8669 220
8647 8676 231
8649 8699 150
8655 8697 221
8683 8689 208
8683 8690 237
8689 8706 131
8697 8710 91
8700 8701 282
8705 8712 97
8714 8758 2
8742 8765 252
8742 8765 96
8754 8794 174
8782 8795 237
8801 8848 286
8809 8853 138
8833 8843 82
8848 8851 156
8878 8918 180
8879 8913 245
8892 8916 10
8896 8928 97
8909 8939 88
8919 8943 38
8928 8964 11
8948 8991 127
8956 8966 55
8974 9002 220
9002 9006 130
9022 9072 264
9048 9062 285
9053 9062 273
9080 9130 262
9080 9087 118
9095 9142 55
9095 9142 36
9124 9174 121
9141 9149 239
9151 9172 183
9164 9199 16
9171 9215 179
9201 9213 259
9230 9273 55
9239 9272 298
9252 9300 232
9268 9310 199
9273 9299 75
9284 9324 170
9305 9331 37
9331 9380 43
9354 9385 169
9364 9380 258
9386 9424 125
9411 9432 139
9434 9470 89
9445 9455 81
9472 9521 170
9501 9535 130
9524 9541 281
9543 9579 29
9558 9565 143
9561 9566 210
9575 9620 145
9584 9612 209
9589 9600 10
9612 9615 297
9625 9665 282
9630 9635 198
9637 9660 169
9659 9685 26
9661 9691 13
9673 9717 62
9682 9687 167
9696 9721 258
9700 9750 5
9702 9710 15
9731 9756 277
9741 9760 230
9750 9790 74
9770 9809 103
9796 9810 202
9802 9846 295
9804 9824 107
9813 9856 155
9833 9853 166
9847 9860 43
9850 9853 238
9857 9905 153
9865 9900 14
9884 9921 248
9894 9910 156
9909 9924 244
9920 9970 226
9950 9967 297
9950 9990 3
9962 9963 224
9990 10036 210
10006 10008 7
10017 10030 294
10026 10070 181
10041 10044 207
10050 10100 17
10071 10121 148
10080 10122 114
10085 10123 70
10085 10111 238
10108 10154 42
10128 10162 173
10153 10176 1
10169 10174 290
10184 10214 137
10190 10230 201
10198 10242 74
10201 10225 129
10215 10222 167
10216 10242 119
10218 10253 7
10229 10269 47
10230 10248 275
10235 10277 124
10242 10288 189
10243 10275 24
10257 10260 89
10257 10264 268
10283 10300 122
10309 10359 189
10315 10349 281
10342 10386 272
10368 10417 54
10396 10430 123
10403 10436 160
10425 10445 276
10437 10475 104
10466 10484 134
10476 10494 41
10489 10522 299
10498 10530 164
10522 10553 175
10534 10536 239
10561 10600 215
10562 10575 118
10566 10584 276
10575 10615 285
10580 10626 143
10582 10632 250
10585 10592 45
10596 10623 144
10608 10609 59
10626 10665 119
10645 10673 124
10658 10684 295
10686 10692 17
10709 10730 57
10725 10730 2
10735 10768 140
10744 10787 154
10750 10760 71
10757 10762 105
10758 10768 69
10770 10788 229
10773 10788 215
10773 10801 9
10797 10806 208
10807 10809 182
10833 10852 271
10854 10873 294
10880 10894 160
10884 10926 183
10885 10916 13
10889 10899 182
10908 10948 16
10910 10953 102
10920 10924 176
10950 10953 84
10968 11006 269
10978 11001 159
10997 11041 126
10999 11042 16
11019 11044 232
11019 11027 49
11034 11056 200
11037 11058 217
11058 11102 295
11075 11113 205
11084 11118 178
11094 11123 276
11109 11157 190
11130 11151 138
11148 11165 61
11159 11178 94
11178 11201 81
11179 11221 101
11188 11229 265
11190 11233 276
11197 11239 5
11204 11218 19
11218 11256 192
11233 11278 257
11233 11239 190
11251 11265 36
11268 11285 189
11280 11303 207
11290 11333 30
11311 11312 116
11324 11366 162
11326 11364 156
11332 11336 57
11358 11389 166
11380 11430 33
11383 11404 78
11406 11454 258
11406 11430 53
11414 11463 52
11436 11473 226
11461 11496 57
11463 11473 41
11471 11479 176
11489 11507 209
11506 11553 264
11534 11541 75
11546 11550 298
11550 11559 215
11553 11573 210
11573 11597 84
11586 11611 39
11605 11626 240
11612 11641 249
11642 11658 96
11662 11703 195
11669 11705 257
11674 11711 212
11692 11715 16
11692 11696 239
11715 11737 10
11744 11748 133
11769 11781 201
11781 11811 18
11784 11798 127
11804 11822 161
11833 11855 77
11845 11873 286
11875 11883 291
11899 11949 199
11910 11912 34
11912 11962 290
11919 11931 281
11940 11972 138
11967 11981 299
11973 11990 117
11986 12032 25
12014 12030 32
12029 12045 32
12035 12081 3
12040 12081 102
12054 12090 230
12075 12084 292
12078 12102 14
12094 12100 69
12113 12122 246
12120 12170 217
12132 12182 90
12162 12192 7
12189 12198 210
12193 12208 160
12202 12248 51
12232 12280 38
12236 12243 245
12245 12258 66
12266 12294 260
12293 12332 173
12318 12334 248
12332 12336 288
12332 12341 200
12342 12354 75
12349 12367 296
12351 12372 216
12365 12411 43
12381 12391 52
12405 12443 197
12425 12451 103
12434 12444 299
12435 12458 294
12453 12457 295
12467 12485 125
12494 12505 283
12512 12522 31
12524 12549 1
12529 12556 182
12557 12604 161
12583 12609 125
12599 12642 189
12610 12619 199
12634 12670 92
12657 12691 170
12666 12687 63
12670 12671 60
12672 12696 151
12695 12736 18
12708 12734 23
12729 12757 270
12752 12782 169
12753 12759 130
12772 12774 298
12795 12799 299
12795 12823 162
12818 12863 85
12828 12854 119
12850 12893 20
12875 12923 91
12896 12941 119
12908 12936 208
12928 12942 15
12944 12975 225
12967 13003 215
12969 13004 163
12973 12993 278
13000 13026 83
13004 13033 282
13031 13076 180
13046 13080 250
13072 13083 227
13086 13089 190
13116 13138 15
13122 13144 156
13130 13164 214
13143 13190 251
13155 13204 228
13183 13200 43
13207 13227 116
13215 13237 49
13219 13251 274
13232 13236 247
13241 13286 166
13242 13273 4
13264 13312 229
13286 13312 242
13295 13344 131
13319 13320 110
13347 13391 245
13364 13407 66
13365 13413 220
13392 13404 285
13398 13445 132
13402 13427 256
13411 13435 54
13412 13425 98
13427 13472 34
13456 13469 183
13461 13494 67
13472 13499 89
13472 13514 285
13498 13544 27
13503 13536 126
13519 13566 195
13533 13551 190
13541 13589 266
13561 13566 6
13564 13601 255
13588 13601 68
13599 13648 164
13599 13644 260
13629 13637 96
13659 13660 129
13664 13689 112
13667 13700 9
13692 13696 188
13719 13744 209
13727 13735 183
13734 13781 16
13739 13778 1
13753 13773 58
13759 13776 280
13774 13782 68
13777 13789 164
13794 13838 167
13804 13812 180
13805 13836 50
13807 13838 161
13810 13844 154
13830 13868 133
13860 13904 68
13866 13890 131
13875 13907 276
13891 13904 142
13902 13927 189
13925 13928 119
13938 13946 112
13954 13984 282
13959 14005 218
13963 13994 73
13986 13996 117
13989 14001 260
13992 14039 188
14001 14012 262
14024 14035 3
14039 14088 298
14047 14058 118
14059 14080 175
14071 14090 182
14098 14111 237
14104 14143 34
14107 14119 129
14128 14169 231
14145 14149 229
14157 14175 49
14157 14167 42
14167 14172 73
14186 14233 190
14190 14236 114
14214 14217 209
14230 14252 11
14253 14261 176
14272 14298 84
14302 14328 165
14327 14370 149
14340 14349 68
14340 14379 255
14344 14368 160
