5000
28 57 171
55 97 170
82 111 108
87 103 216
96 131 259
112 115 273
119 157 159
147 197 194
147 185 105
175 206 149
182 219 199
207 227 250
209 245 268
219 254 30
230 268 115
250 287 293
252 301 17
279 300 209
284 294 118
286 334 65
312 360 64
342 363 165
366 406 66
395 437 101
396 429 10
396 402 143
425 464 226
446 479 189
470 477 129
481 518 275
508 554 256
533 556 186
551 599 229
578 628 5
607 610 174
635 656 88
642 670 262
647 656 287
663 681 200
690 724 135
715 726 161
720 731 12
721 759 112
751 756 156
771 820 249
797 813 140
797 831 151
817 826 1
831 850 296
851 881 277
876 909 294
885 899 280
907 920 300
916 933 226
919 955 120
926 949 293
933 937 56
933 960 232
953 977 43
965 972 131
980 1010 115
984 1033 235
987 1031 105
993 1033 144
1004 1021 92
1025 1053 20
1038 1047 220
1050 1066 271
1069 1093 103
1095 1104 42
1108 1149 101
1114 1161 221
1133 1165 112
1160 1174 207
1174 1190 15
1180 1201 62
1186 1202 88
1202 1210 76
1206 1229 185
1208 1239 87
1208 1220 23
1229 1248 174
1235 1254 16
1241 1290 284
1268 1275 136
1274 1321 102
1289 1324 7
1316 1320 88
1322 1327 56
1326 1344 85
1345 1360 81
1372 1413 246
1396 1418 139
1423 1445 178
1449 1482 154
1467 1517 70
1486 1506 213
1492 1536 28
1515 1519 155
1522 1530 140
1541 1583 292
1561 1608 129
1574 1594 35
1593 1631 230
1618 1646 28
1647 1682 292
1665 1705 149
1674 1703 118
1683 1718 183
1706 1731 215
1711 1728 41
1732 1771 269
1734 1741 278
1739 1767 298
1751 1753 178
1764 1767 37
1793 1798 59
1803 1816 126
1822 1871 276
1826 1868 15
1856 1893 170
1862 1893 223
1884 1907 96
1895 1943 125
1904 1919 157
1905 1948 27
1917 1926 223
1933 1940 278
1947 1976 165
1966 2008 292
1986 2011 6
2003 2005 278
2008 2013 211
2030 2059 277
2039 2086 39
2063 2111 151
2075 2102 28
2084 2107 61
2114 2140 231
2120 2165 117
2130 2141 228
2148 2177 220
2157 2184 191
2181 2229 252
2192 2224 117
2220 2260 158
2240 2279 167
2269 2313 125
2282 2300 239
2304 2345 185
2311 2344 135
2341 2346 44
2365 2410 244
2378 2418 13
2398 2416 196
2428 2461 46
2438 2482 14
2453 2482 81
2457 2468 88
2483 2512 125
2503 2545 141
2517 2526 278
2541 2547 130
2545 2569 54
2549 2571 142
2564 2575 159
2568 2585 170
2568 2579 216
2577 2600 226
2580 2624 61
2593 2618 150
2602 2635 205
2614 2654 152
2628 2660 255
2637 2677 32
2653 2663 288
2674 2723 91
2704 2709 18
2724 2743 15
2737 2779 27
2752 2791 146
2781 2827 80
2790 2812 25
2802 2844 246
2818 2834 225
2838 2846 246
2849 2873 289
2870 2900 252
2888 2915 132
2909 2952 189
2912 2913 114
2913 2931 178
2941 2947 163
2969 2977 55
2969 2987 272
2991 2999 166
3009 3053 49
3017 3024 187
3030 3072 292
3046 3077 270
3070 3092 276
3072 3095 155
3086 3102 116
3104 3142 83
3132 3177 47
3151 3177 287
3151 3174 160
3168 3179 110
3175 3178 281
3190 3219 236
3209 3233 104
3224 3253 101
3237 3252 142
3258 3268 182
3269 3285 132
3280 3291 189
3285 3307 199
3312 3338 143
3332 3359 224
3355 3369 186
3372 3396 288
3392 3408 234
3409 3448 15
3424 3466 255
3447 3454 246
3461 3477 210
3485 3523 62
3486 3535 50
3496 3506 145
3519 3555 242
3538 3549 70
3563 3573 116
3572 3608 250
3593 3616 268
3594 3644 18
3619 3659 249
3632 3635 37
3659 3678 206
3660 3705 101
3679 3722 116
3685 3716 39
3699 3728 163
3717 3755 113
3724 3766 278
3742 3764 151
3764 3780 153
3788 3796 67
3796 3802 82
3824 3873 91
3835 3862 223
3842 3868 273
3866 3879 74
3871 3918 135
3894 3923 254
3910 3913 203
3930 3958 6
3933 3968 157
3953 3992 292
3961 3978 284
3972 3989 61
3996 4010 268
4006 4026 230
4021 4041 206
4036 4077 115
4045 4054 160
4055 4090 211
4082 4083 92
4083 4127 156
4097 4127 106
4112 4144 103
4123 4127 66
4149 4168 118
4149 4176 98
4155 4197 109
4166 4182 234
4173 4219 57
4185 4190 237
4198 4224 29
4220 4247 248
4232 4275 40
4245 4288 20
4247 4254 201
4277 4279 108
4289 4307 208
4312 4340 140
4323 4372 178
4337 4359 235
4367 4390 225
4397 4445 3
4415 4428 292
4425 4445 23
4427 4469 21
4434 4475 293
4437 4446 241
4450 4477 173
4450 4483 225
4452 4492 225
4468 4498 141
4482 4531 224
4485 4534 268
4485 4511 54
4501 4536 192
4527 4573 256
4554 4599 97
4584 4605 96
4594 4604 206
4602 4642 109
4632 4652 108
4654 4674 88
4673 4699 170
4701 4751 268
4730 4741 212
4751 4788 62
4754 4783 75
4761 4787 299
4773 4799 276
4780 4830 40
4806 4845 2
4814 4815 144
4829 4870 209
4855 4905 148
4857 4887 32
4878 4891 134
4903 4931 52
4928 4960 120
4945 4976 144
4965 4984 214
4986 5023 6
4986 5007 282
5006 5011 224
5026 5059 128
5046 5069 148
5066 5087 283
5085 5102 120
5096 5098 188
5126 5159 19
5154 5166 288
5181 5228 145
5199 5207 253
5229 5278 217
5234 5244 205
5253 5280 244
5254 5299 4
5267 5270 288
5296 5343 1
5319 5322 13
5337 5382 198
5362 5405 27
5380 5429 215
5389 5420 241
5408 5413 5
5438 5451 128
5468 5504 41
5482 5490 38
5488 5525 45
5490 5510 200
5512 5515 109
5536 5569 273
5551 5573 147
5580 5600 109
5598 5601 58
5605 5652 288
5620 5634 289
5642 5651 61
5646 5674 119
5650 5662 26
5654 5658 51
5678 5704 67
5689 5702 73
5710 5723 108
5739 5740 64
5758 5794 198
5782 5815 34
5810 5849 148
5840 5843 93
5865 5879 172
5894 5907 113
5924 5973 129
5937 5972 284
5953 5981 91
5977 6006 101
5990 6039 146
6020 6070 47
6050 6073 40
6068 6083 284
6070 6107 47
6079 6090 291
6097 6144 39
6126 6167 167
6151 6165 259
6180 6202 244
6198 6240 197
6201 6204 277
6206 6221 230
6233 6275 14
6235 6283 118
6254 6273 8
6280 6290 122
6294 6330 297
6296 6336 39
6296 6329 159
6299 6335 89
6306 6321 49
6335 6345 225
6335 6348 79
6353 6373 292
6372 6403 37
6401 6403 146
6403 6438 293
6428 6475 104
6447 6495 259
6457 6497 49
6486 6521 67
6514 6558 105
6540 6563 207
6555 6558 221
6567 6615 39
6576 6591 35
6592 6639 195
6621 6662 226
6646 6687 275
6660 6669 111
6670 6672 41
6692 6724 280
6711 6716 215
6717 6733 282
6730 6750 104
6756 6796 237
6757 6768 122
6757 6805 144
6775 6803 100
6776 6804 225
6799 6837 35
6809 6818 17
6810 6827 147
6830 6831 277
6846 6862 136
6866 6913 60
6871 6885 89
6873 6904 226
6886 6906 208
6889 6892 178
6918 6939 92
6925 6929 236
6926 6973 72
6949 6967 141
6958 6966 255
6986 7026 197
6987 7014 211
6997 7000 180
7022 7043 171
7037 7041 275
7038 7064 57
7063 7108 60
7089 7129 130
7101 7151 172
7123 7125 199
7139 7158 283
7166 7177 98
7183 7184 94
7194 7237 226
7217 7223 73
7242 7247 264
7250 7290 40
7270 7288 191
7279 7321 297
7305 7336 255
7305 7312 289
7323 7344 238
7323 7335 126
7348 7364 268
7367 7412 13
7390 7416 233
7407 7414 191
7411 7421 107
7412 7454 97
7442 7454 148
7469 7499 110
7492 7509 108
7512 7514 34
7528 7563 258
7536 7564 264
7563 7566 68
7592 7628 116
7621 7649 125
7644 7677 196
7644 7648 104
7648 7663 89
7677 7705 269
7698 7748 278
7728 7776 88
7740 7749 290
7743 7749 121
7755 7802 138
7778 7796 114
7782 7820 55
7805 7822 206
7817 7867 108
7835 7842 230
7852 7863 169
7870 7908 267
7875 7908 92
7895 7914 81
7896 7943 163
7917 7957 69
7943 7979 118
7943 7957 259
7949 7950 251
7977 7982 196
8003 8045 161
8020 8031 89
8031 8033 298
8042 8057 66
8057 8086 50
8079 8109 74
8079 8112 212
8090 8109 131
8119 8137 174
8137 8155 199
8160 8192 208
8180 8191 129
8193 8218 8
8222 8268 128
8222 8236 281
8224 8240 93
8226 8228 279
8238 8259 263
8263 8313 195
8285 8331 292
8311 8333 231
8325 8353 132
8325 8334 65
8352 8353 202
8363 8389 224
8379 8415 71
8399 8420 22
8411 8422 38
8438 8469 138
8442 8488 55
8468 8491 169
8475 8522 276
8483 8513 279
8493 8537 198
8521 8567 227
8521 8547 99
8535 8541 51
8557 8563 272
8571 8611 227
8579 8585 200
8595 8642 156
8619 8657 153
8631 8656 228
8643 8677 174
8668 8715 112
8690 8715 1
8710 8742 156
8727 8762 100
8732 8751 18
8742 8782 121
8751 8774 139
8772 8813 289
8794 8815 24
8804 8839 12
8806 8827 54
8830 8841 160
8836 8863 62
8855 8903 82
8866 8911 67
8888 8913 4
8917 8945 154
8929 8952 208
8950 8958 165
8958 9005 260
8971 9014 113
8979 9003 229
8983 8990 267
8990 9007 31
8998 9025 73
9023 9058 131
9046 9067 165
9073 9123 247
9103 9126 145
9106 9131 113
9133 9181 105
9142 9173 299
9165 9215 215
9175 9194 198
9181 9205 201
9187 9200 80
9188 9196 73
9194 9224 148
9207 9212 67
9231 9274 263
9234 9273 4
9251 9294 95
9263 9280 70
9280 9323 212
9309 9323 214
9335 9368 205
9362 9368 140
9373 9408 139
9375 9423 167
9400 9446 24
9404 9405 174
9434 9441 41
9449 9454 92
9451 9501 103
9468 9498 38
9480 9495 174
9500 9537 78
9514 9520 283
9514 9548 69
9541 9572 117
9566 9581 267
9591 9592 30
9595 9640 8
9604 9620 294
9632 9679 233
9634 9643 13
9660 9686 142
9682 9702 300
9689 9707 132
9691 9694 287
9717 9745 244
9718 9752 218
9721 9769 186
9747 9790 10
9760 9786 224
9773 9797 116
9780 9805 57
9782 9819 16
9796 9846 162
9810 9812 147
9838 9859 144
9846 9880 53
9847 9893 216
9875 9881 62
9896 9937 193
9908 9954 175
9919 9934 117
9934 9976 166
9942 9970 215
9965 10005 67
9966 9971 39
9983 10021 48
9989 10018 275
10002 10037 32
10028 10048 74
10057 10106 288
10080 10100 1
10110 10111 271
10134 10155 236
10146 10165 248
10166 10189 150
10196 10200 32
10226 10238 287
10226 10253 215
10232 10262 82
10240 10264 239
10267 10302 125
10295 10320 181
10315 10331 248
10344 10363 168
10353 10380 200
10374 10390 102
10378 10387 140
10405 10424 141
10431 10474 91
10447 10485 101
10453 10456 162
10479 10492 82
10503 10504 209
10522 10562 179
10538 10555 297
10546 10576 149
10564 10590 196
10572 10580 203
10583 10585 35
10597 10606 190
10624 10640 180
10626 10638 143
10652 10682 143
10680 10710 291
10698 10723 101
10708 10721 182
10721 10743 129
10747 10753 205
10767 10790 101
10791 10841 61
10819 10861 238
10837 10843 221
10860 10892 45
10864 10892 96
10881 10893 299
10895 10922 228
10922 10948 228
10925 10936 281
10940 10950 275
10959 11007 192
10970 10986 198
11000 11039 151
11022 11065 5
11035 11061 98
11060 11068 267
11089 11132 186
11117 11136 2
11142 11160 287
11166 11175 98
11174 11175 167
11197 11231 171
11204 11241 14
11232 11234 235
11234 11238 231
11245 11259 60
11255 11302 14
11256 11288 152
11265 11294 218
11280 11294 285
11293 11328 109
11316 11341 272
11327 11370 204
11337 11353 48
11338 11386 27
11363 11404 105
11386 11426 94
11404 11433 281
11432 11468 91
11446 11485 62
11470 11488 206
11500 11545 254
11518 11543 131
11525 11545 36
11555 11594 206
11555 11567 68
11559 11560 36
11587 11593 4
11591 11592 132
11603 11625 65
11623 11656 169
11640 11647 160
11668 11686 101
11680 11719 256
11692 11735 84
11717 11744 225
11747 11778 278
11755 11784 127
11783 11815 2
11813 11862 80
11828 11871 20
11850 11884 239
11877 11895 102
11898 11914 126
11923 11931 95
11925 11966 7
11938 11970 283
11945 11969 153
11956 12000 64
11977 11984 138
11978 11988 148
12000 12011 93
12019 12020 209
12035 12067 172
12035 12070 76
12062 12087 253
12082 12088 43
12087 12121 139
12098 12131 206
12116 12124 269
12136 12147 286
12160 12203 154
12164 12191 159
12169 12180 264
12175 12183 257
12192 12204 36
12206 12236 200
12206 12240 67
12220 12266 49
12224 12268 70
12235 12282 219
12259 12290 207
12289 12297 154
12299 12334 139
12327 12337 288
12344 12367 293
12367 12375 279
12386 12427 68
12416 12436 211
12420 12468 204
12443 12490 269
12471 12493 140
12489 12529 208
12518 12524 148
12523 12556 90
12549 12598 265
12571 12611 36
12590 12610 124
12611 12661 77
12641 12663 26
12649 12676 257
12660 12707 7
12668 12670 22
12689 12697 118
12706 12709 62
12727 12765 282
12745 12755 178
12769 12803 49
12771 12813 3
12771 12811 251
12801 12811 22
12819 12846 51
12824 12864 235
12833 12877 242
12845 12874 28
12859 12904 26
12889 12900 201
12904 12939 143
12912 12956 71
12928 12967 258
12949 12985 212
12973 13016 184
12983 13012 36
12987 12999 24
12995 13042 81
13003 13004 49
13030 13052 101
13036 13054 124
13060 13067 145
13069 13085 260
13084 13098 112
13106 13138 82
13107 13115 7
13114 13162 31
13121 13133 117
13142 13151 254
13143 13162 248
13146 13196 236
13152 13168 16
13180 13225 264
13192 13202 67
13195 13230 190
13201 13219 270
13210 13248 232
13211 13243 4
13226 13251 113
13232 13272 289
13248 13297 204
13249 13253 77
13264 13287 146
13270 13310 224
13271 13304 272
13300 13310 162
13328 13361 200
13356 13398 146
13374 13406 142
13396 13429 196
13412 13433 220
13428 13436 3
13457 13506 151
13484 13524 21
13497 13513 69
13522 13547 274
13537 13549 29
13566 13605 40
13591 13636 187
13592 13630 299
13595 13640 82
13613 13657 85
13631 13678 139
13647 13664 129
13651 13665 296
13676 13722 137
13688 13715 192
13711 13713 149
13726 13737 171
13732 13752 9
13754 13796 277
13783 13788 68
13792 13803 119
13821 13863 253
13851 13874 237
13859 13871 254
13883 13900 255
13906 13918 23
13921 13949 264
13931 13937 299
13944 13956 229
13974 13992 234
13990 14017 225
13995 14000 268
14021 14066 296
14040 14072 241
14047 14084 167
14061 14068 156
14069 14112 128
14074 14084 149
14088 14123 249
14106 14130 249
14128 14139 138
14131 14173 147
14145 14190 260
14168 14210 290
14195 14223 78
14202 14227 129
14213 14220 277
14235 14237 185
14262 14303 285
14281 14297 193
14290 14335 98
14317 14349 290
14321 14369 63
14342 14366 87
14369 14372 87
14378 14399 205
14384 14401 123
14402 14435 152
14402 14403 101
14404 14421 71
14404 14413 64
14419 14449 208
14428 14475 43
14449 14490 281
14456 14458 210
14460 14474 3
14468 14506 126
14486 14515 46
14509 14518 135
14527 14547 196
14546 14565 27
14562 14576 277
14570 14583 160
14591 14608 163
14620 14663 249
14624 14647 23
14629 14632 205
14657 14677 58
14678 14723 133
14702 14713 76
14710 14729 9
14734 14761 300
14742 14774 260
14761 14776 225
14761 14771 274
14791 14812 98
14800 14848 50
14821 14867 94
14824 14836 123
14848 14883 172
14864 14870 293
14888 14920 77
14902 14922 56
14914 14928 41
14926 14955 67
14927 14969 257
14946 14974 242
14958 14960 20
14968 14972 136
14990 14997 107
15002 15043 285
15006 15046 74
15019 15056 274
15034 15039 130
15060 15105 132
15077 15080 10
15095 15144 253
15096 15140 26
15120 15131 285
15148 15187 123
15157 15198 128
15184 15193 43
15202 15223 162
15204 15244 123
15209 15241 209
15231 15248 136
15252 15279 186
15282 15292 59
15308 15323 207
15316 15346 181
15338 15344 255
15350 15395 263
15369 15376 176
15386 15433 40
15413 15422 121
15425 15429 49
15430 15452 271
15459 15493 126
15485 15509 119
15505 15523 146
15512 15532 286
15534 15542 238
15543 15562 196
15568 15604 6
15577 15585 93
15598 15603 79
15619 15642 93
15629 15668 168
15648 15680 27
15667 15674 33
15697 15722 259
15708 15711 288
15708 15731 228
15717 15718 46
15723 15728 21
15751 15755 121
15778 15823 64
15799 15821 243
15821 15824 94
15835 15863 222
15837 15850 31
15853 15899 110
15865 15870 223
15882 15888 45
15904 15949 202
15931 15942 158
15958 15993 273
15975 16016 236
15981 16026 296
15994 15996 25
16009 16041 9
16024 16058 10
16046 16072 247
16054 16063 235
16079 16115 127
16099 16112 14
16115 16150 166
16126 16138 50
16132 16150 280
16152 16163 2
16158 16185 62
16162 16181 220
16190 16200 87
16216 16255 287
16230 16248 255
16236 16267 111
16265 16286 142
16288 16321 63
16305 16316 71
16328 16348 191
16348 16372 209
16373 16414 260
16380 16408 252
16400 16445 128
16406 16456 253
16406 16454 50
16426 16458 61
16440 16469 156
16467 16468 28
16487 16502 217
16516 16528 174
16535 16549 195
16542 16589 15
16552 16554 246
16564 16611 186
16564 16602 197
16594 16628 213
16601 16612 167
16620 16643 204
16625 16635 41
16640 16668 182
16647 16662 137
16649 16680 207
16669 16708 271
16699 16729 244
16714 16763 258
16726 16774 75
16733 16756 132
16752 16799 80
16774 16779 172
16802 16813 242
16827 16852 277
16846 16854 280
16846 16872 282
16871 16910 106
16887 16890 222
16905 16951 13
16935 16967 144
16937 16966 85
16957 16971 36
16982 17024 75
16982 16983 68
16988 17037 15
17013 17032 129
17036 17071 269
17043 17080 188
17045 17049 161
17075 17106 253
17089 17107 257
17100 17108 25
17116 17144 278
17132 17165 113
17161 17191 20
17182 17200 199
17184 17194 123
17201 17235 74
17221 17225 278
17227 17270 182
17247 17257 278
17249 17289 183
17251 17289 135
17278 17285 141
17280 17326 127
17302 17322 97
17309 17312 134
17320 17364 242
17323 17333 181
17352 17367 105
17376 17402 275
17396 17409 8
17399 17430 207
17405 17425 285
17418 17440 280
17440 17442 82
17470 17493 211
17474 17517 193
17495 17527 20
17514 17517 90
17521 17551 126
17548 17588 44
17560 17587 121
17580 17628 2
17604 17606 234
17613 17616 105
17635 17678 210
17640 17659 202
17667 17705 53
17681 17724 122
17695 17700 1
17720 17721 250
17730 17767 86
17736 17747 132
17759 17800 280
17781 17830 292
17784 17798 242
17804 17832 134
17820 17867 54
17824 17834 274
17838 17857 78
17851 17890 66
17856 17875 75
17881 17912 4
17910 17914 66
17935 17945 35
17943 17970 288
17960 17961 153
17963 18010 166
17989 18030 165
18003 18006 103
18030 18039 125
18043 18055 284
18054 18066 257
18079 18085 260
18089 18128 63
18115 18133 197
18132 18158 199
18160 18191 12
18185 18224 265
18196 18243 263
18223 18259 215
18247 18271 164
18262 18285 104
18292 18326 287
18292 18304 151
18311 18334 14
18328 18352 73
18329 18377 294
18337 18365 109
18343 18382 297
18346 18366 100
18362 18371 86
18390 18392 50
18416 18455 51
18435 18460 34
18437 18445 192
18443 18465 288
18457 18468 162
18471 18477 276
18492 18530 110
18510 18558 18
18514 18531 142
18527 18560 102
18554 18583 97
18560 18576 16
18566 18589 128
18572 18608 271
18588 18594 85
18611 18651 29
18623 18666 239
18648 18662 155
18674 18678 139
18682 18715 73
18706 18727 215
18725 18737 132
18748 18765 106
18759 18786 98
18786 18822 213
18802 18813 277
18821 18863 65
18821 18868 34
18825 18856 227
18854 18900 20
18858 18863 150
18873 18901 117
18876 18889 229
18878 18897 190
18886 18908 217
18899 18908 82
18918 18935 286
18928 18977 19
18933 18948 93
18950 18995 245
18963 18969 170
18970 18998 48
18996 19017 256
19021 19058 243
19049 19082 163
19062 19070 195
19084 19106 290
19096 19098 263
19112 19151 199
19121 19169 200
19121 19135 278
19132 19179 130
19152 19171 266
19157 19203 294
19176 19224 207
19178 19224 167
19208 19254 251
19221 19222 201
19225 19242 237
19244 19278 77
19273 19307 73
19278 19317 149
19306 19311 296
19313 19346 268
19319 19347 184
19325 19352 262
19326 19366 200
19326 19341 158
19340 19351 166
19349 19383 266
19369 19387 81
19395 19416 107
19403 19415 192
19422 19440 241
19436 19451 22
19456 19461 289
19472 19518 284
19501 19537 298
19507 19509 291
19514 19548 117
19535 19556 292
19563 19603 214
19590 19635 108
19612 19623 208
19617 19667 28
19637 19663 121
19667 19674 146
19696 19702 111
19726 19768 50
19736 19786 246
19759 19760 199
19776 19789 3
19797 19818 207
19823 19871 249
19827 19855 193
19841 19875 95
19843 19892 43
19845 19894 125
19846 19893 2
19873 19914 71
19882 19918 24
19889 19929 221
19901 19907 266
19901 19940 199
19911 19925 115
19935 19984 121
19960 19994 139
19983 20001 29
19999 20028 90
20004 20018 205
20013 20037 210
20025 20055 80
20041 20054 183
20063 20065 261
20073 20079 173
20077 20099 88
20106 20134 236
20135 20166 65
20148 20152 12
20175 20193 97
20179 20187 128
20196 20233 94
20226 20243 69
20234 20269 17
20240 20286 75
20268 20303 11
20289 20336 293
20298 20312 282
20301 20321 84
20314 20361 54
20338 20370 111
20350 20362 272
20380 20389 198
20410 20429 159
20426 20435 79
20446 20466 136
20454 20468 102
20456 20492 221
20485 20532 63
20493 20522 114
20506 20525 15
20528 20571 240
20554 20603 73
20576 20578 257
20604 20611 125
20618 20665 148
20625 20675 151
20650 20689 14
20674 20698 92
20686 20708 125
20712 20760 155
20724 20769 44
20729 20751 198
20756 20757 248
20762 20789 289
20792 20793 67
20813 20859 186
20819 20845 134
20845 20853 281
20854 20900 92
20859 20890 283
20872 20910 220
20886 20933 105
20902 20945 216
20904 20911 126
20905 20932 211
20908 20934 240
20917 20942 210
20935 20983 177
20948 20990 114
20976 21015 25
20977 21011 147
20978 20993 252
20996 21042 27
21025 21037 171
21051 21085 10
21058 21094 283
21079 21087 102
21093 21130 258
21093 21097 79
21100 21102 242
21118 21146 289
21146 21150 88
21162 21183 6
21176 21212 217
21200 21247 168
21205 21240 107
21205 21251 51
21210 21241 57
21217 21226 298
21222 21253 228
21249 21269 113
21272 21294 144
21272 21288 247
21294 21315 77
21299 21315 11
21302 21332 235
21311 21316 160
21315 21345 206
21336 21370 106
21350 21373 242
21366 21386 224
21392 21415 273
21404 21411 146
21421 21436 207
21426 21463 63
21447 21484 103
21477 21526 116
21490 21507 200
21504 21546 140
21523 21563 34
21530 21540 212
21530 21571 236
21549 21555 17
21549 21569 149
21579 21625 98
21604 21620 232
21615 21628 117
21634 21644 145
21649 21678 42
21652 21692 182
21679 21686 4
21682 21700 110
21687 21695 182
21698 21711 81
21723 21754 142
21753 21799 245
21777 21826 185
21778 21782 152
21802 21848 227
21815 21821 162
21819 21837 186
21828 21849 30
21858 21863 119
21859 21902 163
21859 21866 171
21870 21871 143
21876 21878 134
21889 21913 162
21896 21918 212
21902 21917 162
21918 21953 157
21939 21963 186
21966 22005 96
21981 21991 107
22002 22013 294
22015 22019 200
22041 22084 245
22057 22077 204
22082 22088 11
22090 22138 103
22096 22139 188
22109 22159 101
22137 22160 266
22160 22169 294
22172 22204 136
22183 22198 118
22210 22217 17
22214 22247 3
22219 22267 214
22234 22281 172
22236 22246 92
22257 22288 280
22262 22305 180
22278 22295 260
22279 22292 296
22300 22348 41
22306 22325 187
22318 22338 216
22333 22359 248
22347 22383 12
22347 22382 42
22375 22414 273
22375 22401 63
22385 22393 14
22399 22443 233
22414 22422 135
22420 22446 12
22429 22458 71
22457 22469 48
22480 22508 137
22507 22556 181
22507 22534 77
22533 22545 112
22537 22571 69
22546 22582 61
22572 22618 133
22577 22596 198
22595 22624 87
22607 22608 69
22607 22635 136
22622 22632 223
22642 22644 170
22667 22709 6
22667 22688 283
22697 22745 57
22715 22734 69
22733 22751 257
22762 22811 174
22775 22807 70
22780 22785 247
22808 22843 159
22823 22870 270
22839 22850 97
22867 22904 280
22867 22898 41
22879 22923 85
22890 22937 233
22920 22939 267
22923 22958 18
22946 22976 18
22968 22978 7
22995 23044 243
23024 23026 246
23037 23059 282
23057 23094 109
23083 23126 226
23083 23114 165
23084 23124 137
23105 23149 271
23119 23144 239
23119 23127 93
23143 23190 153
23145 23180 181
23149 23153 195
23174 23187 137
23193 23194 154
23207 23241 129
23216 23240 95
23226 23240 253
23244 23246 87
23255 23291 71
23276 23321 112
23294 23317 290
23312 23344 86
23329 23355 101
23337 23350 136
23337 23383 58
23343 23352 12
23366 23389 71
23394 23435 278
23412 23435 150
23438 23472 182
23463 23475 8
23465 23484 79
23494 23522 184
23497 23502 96
23508 23539 271
23529 23555 106
23556 23563 83
23567 23588 148
23585 23600 114
23591 23605 148
23595 23604 274
23605 23647 14
23617 23648 21
23640 23650 135
23670 23720 241
23691 23694 298
23698 23739 287
23698 23717 246
23711 23716 199
23724 23755 272
23744 23752 286
23745 23782 52
23760 23790 69
23787 23800 71
23802 23810 266
23815 23865 217
23817 23821 42
23821 23866 220
23849 23887 246
23861 23867 243
23873 23922 290
23894 23943 300
23919 23921 22
23929 23933 70
23946 23986 57
23951 23970 148
23953 23994 285
23961 23970 119
23962 24006 183
23991 24026 278
24013 24018 8
24026 24061 71
24053 24072 42
24057 24097 151
24084 24122 34
24110 24112 99
24124 24141 153
24125 24132 14
24141 24173 250
24141 24176 199
24151 24166 87
24154 24163 21
24174 24195 224
24181 24203 190
24188 24214 194
24193 24221 35
24203 24205 86
24214 24251 103
24232 24268 50
24232 24269 191
24252 24298 34
24268 24273 9
24272 24290 65
24299 24331 73
24322 24349 236
24340 24351 161
24349 24367 84
24370 24394 135
24374 24397 68
24375 24410 197
24391 24427 114
24392 24440 119
24410 24418 151
24428 24463 116
24431 24434 34
24456 24476 16
24486 24509 146
24490 24529 270
24515 24563 46
24515 24550 27
24545 24594 124
24553 24578 162
24563 24603 85
24571 24590 140
24577 24590 57
24593 24601 26
24599 24621 4
24626 24655 8
24647 24689 32
24666 24677 129
24696 24706 50
24707 24741 1
24722 24749 233
24727 24744 105
24746 24769 49
24764 24793 183
24790 24821 278
24805 24812 234
24806 24842 109
24827 24842 297
24833 24849 36
24839 24889 6
24863 24887 178
24892 24941 99
24916 24944 139
24945 24951 117
24960 24975 258
24960 24973 151
24972 25014 278
24993 25030 75
24999 25028 36
25001 25040 21
25020 25046 206
25049 25078 248
25076 25101 166
25099 25138 66
25124 25153 179
25127 25147 242
25141 25189 118
25141 25178 44
25163 25176 280
25192 25212 116
25214 25252 112
25240 25284 87
25246 25270 169
25251 25292 159
25253 25287 222
25258 25301 151
25263 25305 221
25276 25325 94
25287 25308 61
25296 25319 80
25321 25342 281
25347 25349 103
25377 25404 136
25402 25414 160
25407 25454 252
25415 25439 192
25415 25443 259
25433 25446 23
25461 25481 147
25491 25530 80
25502 25507 110
25517 25537 232
25523 25541 33
25531 25579 208
25543 25566 54
25573 25612 244
25575 25610 232
25576 25618 266
25580 25600 89
25584 25588 202
25612 25654 260
25612 25649 252
25634 25665 205
25662 25704 109
25665 25679 157
25674 25682 300
25704 25713 61
25727 25775 92
25744 25784 17
25754 25799 250
25755 25790 289
25785 25823 39
25808 25839 192
25822 25867 277
25834 25841 158
25837 25879 105
25854 25869 270
25859 25889 268
25876 25877 61
25892 25925 129
25902 25931 216
25916 25956 114
25939 25961 298
25951 25973 89
25954 25990 37
25981 25990 281
25981 26007 273
25993 26012 100
26015 26017 218
26035 26050 170
26044 26045 218
26054 26071 234
26075 26095 50
26078 26101 143
26078 26110 195
26081 26084 298
26082 26121 159
26089 26095 266
26112 26132 259
26117 26124 179
26136 26145 9
26155 26169 168
26166 26173 214
26166 26209 118
26190 26192 237
26206 26223 263
26209 26226 278
26238 26239 207
26247 26261 283
26269 26279 160
26292 26336 99
26311 26341 186
26311 26317 102
26334 26363 156
26353 26384 294
26382 26407 201
26387 26393 260
26409 26414 77
26427 26445 77
26445 26477 50
26469 26495 76
26477 26524 177
26498 26544 152
26509 26553 198
26539 26588 134
26542 26588 5
26553 26595 251
26558 26584 285
26580 26617 260
26598 26618 186
26615 26635 43
26639 26646 269
26663 26672 178
26678 26685 106
26702 26720 71
26720 26731 266
26726 26767 287
26740 26750 32
26749 26786 172
26774 26782 158
26800 26828 100
26824 26855 115
26834 26862 44
26850 26895 186
26852 26876 176
26863 26887 121
26873 26891 140
26900 26914 186
26920 26927 70
26940 26969 43
26952 26990 22
26974 27021 69
27003 27044 230
27023 27064 127
27049 27068 45
27069 27084 153
27080 27127 2
27098 27119 79
27118 27147 128
27143 27149 198
27154 27158 3
27179 27206 126
27186 27211 70
27201 27249 98
27216 27256 165
27234 27266 216
27261 27279 200
27264 27303 123
27291 27312 255
27300 27308 262
27312 27319 32
27340 27345 274
27356 27376 195
27383 27392 185
27397 27430 53
27397 27399 115
27409 27429 131
27418 27454 214
27431 27439 284
27447 27479 142
27458 27484 222
27483 27502 112
27485 27490 178
27500 27516 42
27500 27511 161
27526 27550 10
27538 27546 163
27549 27591 215
27576 27586 160
27580 27626 169
27583 27604 47
27606 27629 219
27616 27648 259
27644 27691 200
27649 27670 247
27672 27694 139
27682 27700 274
27710 27747 198
27740 27786 280
27755 27772 151
27775 27798 153
27805 27851 286
27817 27823 105
27840 27867 99
27853 27876 285
27883 27924 253
27892 27904 56
27893 27937 291
27919 27941 93
27925 27958 118
27935 27937 61
27944 27985 61
27956 27981 283
27965 27972 52
27973 28013 268
27975 28012 62
27976 28023 158
28001 28050 237
28028 28058 274
28038 28052 248
28064 28083 46
28091 28121 2
28117 28129 15
28126 28149 243
28140 28163 167
28156 28198 160
28176 28200 77
28206 28215 80
28223 28244 280
28237 28251 194
28256 28292 240
28282 28299 115
28284 28328 296
28306 28328 179
28319 28365 277
28326 28364 50
28345 28367 49
28356 28398 133
28364 28366 199
28389 28391 68
28400 28417 17
28429 28436 184
28436 28454 83
28455 28487 18
28484 28509 9
28506 28545 263
28529 28562 229
28538 28568 277
28550 28579 193
28575 28593 66
28584 28615 266
28586 28620 275
28588 28627 133
28608 28616 5
28615 28626 165
28641 28679 19
28658 28695 83
28683 28727 1
28709 28731 210
28737 28783 242
28754 28769 135
28784 28789 70
28788 28837 162
28806 28854 201
28836 28863 115
28849 28882 88
28872 28903 188
28880 28890 273
28896 28925 90
28914 28919 115
28929 28930 112
28930 28956 185
28943 28990 153
28969 29013 69
28973 28980 48
28986 28998 189
29014 29026 295
29036 29037 77
29062 29107 284
29062 29112 164
29092 29141 276
29116 29138 190
29125 29134 99
29154 29195 287
29169 29174 151
29192 29240 124
29207 29257 20
29236 29269 86
29243 29281 231
29254 29265 159
29258 29271 163
29260 29295 62
29282 29298 182
29301 29348 9
29307 29319 290
29336 29348 16
29337 29360 218
29352 29370 254
29363 29403 12
29365 29384 212
29380 29410 62
29392 29401 22
29414 29449 42
29443 29474 28
29452 29501 191
29465 29477 271
29465 29509 2
29473 29492 258
29500 29534 234
29500 29508 119
29514 29561 30
29539 29546 220
29552 29586 186
29580 29626 37
29596 29600 113
29623 29670 261
29625 29652 112
29650 29659 208
29659 29663 244
29667 29682 19
29682 29684 180
29684 29709 55
29689 29737 73
29697 29715 168
29699 29735 263
29716 29737 184
29735 29772 46
29759 29801 121
29767 29809 230
29774 29811 94
29798 29847 143
29828 29833 231
29857 29858 120
29862 29864 42
29881 29926 86
29887 29921 63
29901 29939 258
29913 29939 159
29936 29943 194
29945 29963 5
29952 29999 78
29973 30007 77
30002 30035 85
30023 30030 31
30034 30080 196
30060 30079 81
30086 30088 223
30111 30146 21
30127 30172 198
30142 30164 74
30172 30179 284
30192 30201 169
30202 30236 40
30225 30256 55
30248 30280 194
30266 30287 294
30277 30310 50
30278 30315 296
30284 30328 236
30293 30307 253
30314 30342 163
30327 30367 215
30330 30371 12
30332 30344 254
30344 30385 202
30370 30404 119
30391 30436 285
30421 30439 113
30421 30422 179
30423 30426 290
30438 30443 29
30444 30476 226
30457 30486 50
30468 30469 111
30490 30529 130
30519 30568 112
30526 30548 89
30547 30548 29
30558 30583 109
30577 30593 62
30602 30633 218
30606 30624 163
30608 30643 59
30612 30614 213
30635 30661 178
30662 30683 3
30687 30702 63
30690 30696 22
30694 30728 38
30720 30729 49
30743 30762 272
30751 30788 193
30780 30809 286
30785 30817 61
30804 30835 46
30817 30824 145
30842 30883 183
30866 30911 245
30879 30897 199
30887 30917 288
30898 30946 199
30904 30924 269
30909 30935 20
30921 30945 164
30927 30953 42
30928 30974 45
30949 30961 1
30953 30997 168
30983 31011 115
31008 31023 216
31024 31055 224
31030 31075 174
31045 31086 146
31053 31060 155
31058 31101 6
31087 31105 280
31101 31125 87
31111 31159 270
31123 31167 64
31131 31141 37
31152 31197 81
31179 31183 139
31193 31211 153
31204 31252 282
31205 31248 152
31222 31263 144
31228 31258 218
31238 31253 144
31266 31276 278
31281 31291 30
31306 31341 81
31314 31354 181
31344 31346 3
31356 31367 128
31360 31369 257
31370 31384 236
31383 31421 70
31383 31412 21
31404 31433 150
31415 31445 147
31432 31467 3
31461 31467 270
31468 31477 195
31493 31509 167
31516 31517 23
31519 31563 16
31520 31535 19
31526 31552 278
31532 31547 161
31560 31606 158
31580 31604 77
31600 31606 250
31612 31623 248
31622 31640 209
31645 31677 271
31647 31686 16
31658 31661 255
31668 31678 87
31678 31697 98
31687 31705 177
31688 31719 189
31689 31705 265
31714 31743 39
31734 31773 130
31745 31781 1
31745 31756 113
31775 31794 192
31800 31823 292
31809 31815 227
31829 31851 43
31851 31900 81
31856 31902 118
31860 31862 163
31877 31884 66
31882 31884 288
31912 31926 190
31938 31983 299
31965 31969 176
31987 32013 175
31993 32022 41
32001 32042 179
32025 32066 84
32042 32054 268
32056 32083 63
32076 32080 127
32077 32126 55
32092 32104 237
32103 32121 253
32133 32153 215
32135 32166 113
32143 32159 164
32160 32164 295
32160 32187 231
32167 32204 290
32185 32202 109
32192 32239 234
32201 32236 232
32203 32232 33
32219 32243 118
32249 32265 30
32276 32285 269
32286 32310 106
32302 32314 207
32303 32326 278
32303 32342 67
32318 32331 171
32339 32377 162
32363 32365 93
32370 32407 189
32384 32385 240
32395 32424 102
32402 32411 184
32422 32447 96
32428 32451 68
32444 32448 136
32458 32469 227
32479 32480 129
32504 32550 244
32509 32511 54
32509 32521 24
32531 32550 169
32559 32605 285
32580 32588 48
32587 32631 248
32597 32606 78
32622 32631 295
32624 32636 245
32642 32679 31
32663 32683 177
32664 32673 148
32680 32684 207
32695 32736 48
32716 32722 23
32725 32747 46
32747 32783 107
32772 32812 290
32793 32812 120
32817 32829 278
32847 32861 290
32861 32862 180
32876 32908 102
32876 32925 255
32899 32949 30
32908 32934 138
32931 32947 199
32949 32984 269
32976 33018 76
32997 33041 117
32999 33035 125
33003 33019 262
33033 33070 130
33047 33065 192
33053 33092 265
33053 33100 213
33081 33127 259
33084 33114 249
33094 33127 130
33111 33117 29
33135 33152 230
33159 33166 52
33189 33231 29
33200 33205 246
33222 33250 183
33245 33267 215
33253 33255 24
33276 33297 20
33294 33344 195
33315 33360 77
33322 33333 64
33345 33392 278
33370 33375 146
33397 33441 205
33401 33435 277
33405 33438 294
33413 33437 199
33413 33424 294
33441 33479 257
33449 33467 272
33464 33493 173
33484 33499 287
33506 33534 234
33506 33538 117
33507 33510 197
33526 33570 189
33553 33589 289
33561 33609 299
33574 33588 34
33574 33591 64
33589 33591 286
33591 33615 95
33612 33647 243
33615 33630 212
33631 33674 148
33638 33642 19
33640 33645 225
33647 33680 128
33650 33668 165
33650 33700 37
33668 33714 288
33688 33690 97
33715 33760 168
33744 33773 146
33764 33786 146
33773 33792 159
33784 33831 37
33789 33826 224
33794 33844 234
33822 33849 24
33845 33868 183
33865 33907 108
33871 33875 54
33897 33932 53
33912 33932 216
33928 33952 4
33941 33962 216
33961 33996 31
33962 33976 131
33963 33972 292
33978 34019 172
34001 34033 273
34023 34068 61
34030 34034 11
34031 34060 275
34042 34051 127
34072 34106 45
34088 34098 80
34112 34138 164
34141 34151 195
34163 34174 34
34163 34194 259
34176 34219 223
34193 34240 185
34221 34245 2
34241 34253 18
34256 34267 277
34272 34276 237
34302 34308 101
34315 34361 113
34337 34371 107
34363 34380 251
34372 34405 58
34378 34400 296
34387 34414 39
34407 34430 263
34429 34468 26
34454 34469 93
34474 34506 246
34501 34530 115
34507 34522 19
34508 34526 300
34509 34552 213
34534 34581 74
34544 34561 192
34558 34589 262
34574 34578 198
34599 34603 62
34617 34646 195
34617 34618 201
34625 34640 164
34639 34687 286
34667 34697 260
34679 34729 161
34701 34751 97
34706 34715 150
34706 34741 103
34712 34724 249
34733 34745 132
34744 34786 254
34771 34797 260
34788 34834 61
34810 34837 130
34816 34842 277
34836 34854 188
34843 34889 115
34853 34870 232
34864 34885 87
34884 34888 276
34897 34899 16
34922 34965 252
34951 34962 282
34970 35018 186
34985 35013 120
35003 35051 231
35029 35035 204
35041 35056 180
35053 35067 286
35069 35096 107
35073 35075 36
35087 35107 267
35103 35116 175
35107 35155 231
35134 35154 108
35136 35186 145
35136 35174 15
35142 35149 192
35146 35181 259
35150 35158 52
35152 35186 66
35172 35216 1
35201 35235 136
35228 35242 204
35255 35269 174
35284 35329 236
35297 35313 29
35309 35317 144
35309 35348 139
35317 35348 116
35323 35364 246
35327 35372 235
35348 35397 80
35366 35410 231
35373 35387 27
35399 35427 195
35424 35426 57
35439 35469 255
35440 35470 200
35447 35486 172
35451 35460 289
35471 35476 115
35475 35516 57
35505 35523 36
35518 35548 212
35525 35563 21
35550 35570 98
35566 35583 124
35574 35578 109
35590 35600 253
35605 35632 1
35619 35626 140
35637 35650 234
35640 35675 94
35640 35664 115
35648 35670 93
35653 35681 167
35676 35693 38
35678 35699 32
35690 35708 95
35695 35722 297
35703 35710 205
35724 35771 90
35733 35771 194
35740 35743 48
35762 35805 247
35768 35803 30
35785 35819 5
35807 35810 214
35833 35847 132
35853 35898 121
35870 35907 257
35875 35887 190
35898 35931 51
35906 35951 223
35925 35970 13
35954 35971 203
35967 35983 292
35979 35991 250
35989 36023 85
35999 36037 29
36003 36027 237
36025 36026 138
36052 36077 153
36061 36066 239
36067 36083 199
36072 36087 125
36093 36094 161
36121 36154 88
36144 36168 62
36156 36198 201
36170 36204 279
36182 36208 252
36192 36224 168
36198 36217 1
36203 36206 263
36228 36241 156
36243 36260 166
36257 36295 67
36257 36267 63
36261 36290 66
36289 36308 95
36293 36331 252
36302 36349 300
36328 36331 147
36339 36382 186
36347 36389 43
36364 36370 79
36379 36415 59
36381 36413 123
36386 36400 183
36411 36416 244
36427 36449 283
36453 36472 231
36477 36525 233
36500 36502 104
36516 36550 154
36522 36556 31
36550 36590 199
36573 36596 175
36573 36612 288
36582 36608 107
36602 36647 80
36624 36669 297
36639 36685 160
36649 36665 109
36659 36681 15
36667 36690 143
36691 36705 298
36707 36746 160
36737 36763 163
36750 36776 43
36752 36768 103
36754 36790 21
36766 36800 277
36772 36816 52
36789 36809 87
36803 36828 102
36819 36856 3
36825 36866 300
36855 36891 196
36879 36904 27
36908 36924 234
36936 36975 298
36939 36957 138
36944 36945 221
36966 36972 297
36983 37030 13
37010 37045 129
37031 37081 283
37039 37086 17
37063 37101 30
37066 37102 50
37069 37075 255
37087 37096 224
37100 37143 111
37111 37137 87
37114 37131 119
37116 37157 179
37145 37160 180
37163 37180 90
37183 37228 129
37205 37246 263
37209 37216 13
37217 37252 50
37237 37280 236
37242 37288 19
37244 37289 42
37271 37313 242
37288 37301 78
37305 37309 121
37330 37379 236
37340 37350 129
37342 37387 80
37343 37368 292
37364 37367 186
37366 37401 186
37385 37421 212
37413 37430 165
37431 37471 52
37457 37503 209
37486 37491 32
37490 37494 72
37502 37510 43
37523 37572 258
37540 37561 134
37551 37596 35
37575 37599 13
37601 37616 140
37630 37652 202
37643 37663 152
37645 37691 206
37658 37673 114
37686 37700 185
37715 37720 184
37732 37749 50
37739 37751 243
37748 37766 144
37761 37792 257
37788 37817 109
37809 37820 211
37839 37859 194
37856 37867 143
37866 37878 83
37891 37924 72
37917 37964 78
37939 37940 189
37940 37989 26
37954 37979 15
37968 37994 67
37997 38007 225
38003 38009 145
38015 38035 74
38027 38036 279
38040 38088 97
38061 38099 103
38085 38102 48
38092 38099 40
38105 38118 85
38117 38125 220
38120 38142 162
38142 38191 299
38142 38161 4
38157 38169 42
38175 38188 185
38197 38238 107
38200 38231 269
38219 38237 184
38234 38255 281
38243 38291 199
38260 38279 205
38269 38295 113
38273 38280 109
38276 38301 187
38288 38311 23
38318 38359 238
38332 38355 30
38345 38382 22
38367 38376 219
38370 38419 40
38386 38417 27
38396 38435 87
38406 38452 122
38426 38459 101
38451 38452 241
38459 38467 278
38484 38522 281
38510 38542 171
38532 38571 269
38538 38577 34
38561 38602 57
38578 38588 286
38586 38620 75
38592 38604 219
38616 38637 198
38626 38648 269
38640 38651 152
38659 38689 55
38672 38722 95
38696 38700 268
38701 38723 150
38720 38739 277
38743 38765 69
38749 38772 18
38758 38776 1
38763 38811 135
38763 38794 229
38783 38825 137
38802 38815 265
38814 38815 233
38817 38867 33
38821 38829 282
38850 38856 5
38867 38905 13
38889 38923 194
38903 38946 56
38920 38941 150
38944 38957 68
38959 38986 176
38967 38985 294
38995 39015 120
39001 39022 9
39013 39033 159
39022 39055 175
39047 39062 248
39069 39092 268
39070 39071 227
39096 39114 109
39119 39137 131
39127 39167 218
39128 39161 233
39138 39139 110
39164 39170 14
39173 39187 83
39194 39214 275
39214 39257 8
39218 39227 23
39222 39259 70
39239 39276 5
39259 39280 204
39273 39313 63
39286 39304 22
39304 39318 130
39318 39319 84
39340 39368 203
39342 39387 11
39352 39372 225
39381 39398 95
39409 39438 112
39425 39429 152
39440 39467 35
39452 39460 299
39478 39502 185
39479 39484 206
39492 39515 45
39515 39562 67
39536 39575 53
39562 39596 192
39586 39608 264
39615 39625 297
39645 39671 92
39655 39702 94
39676 39686 63
39693 39736 196
39716 39761 212
39729 39757 24
39752 39779 141
39752 39784 7
39763 39770 237
39767 39774 189
39768 39786 265
39785 39805 33
39806 39818 291
39811 39813 167
39816 39857 274
39818 39847 62
39845 39875 131
39874 39906 117
39892 39915 44
39894 39924 226
39894 39914 18
39907 39936 47
39908 39952 294
39921 39931 237
39948 39981 7
39949 39952 28
39972 39998 198
39978 40020 215
39985 40005 131
40013 40020 171
40036 40072 180
40059 40097 206
40065 40088 166
40082 40098 293
40105 40144 144
40113 40160 269
40138 40182 270
40158 40170 69
40183 40208 48
40200 40223 87
40204 40253 54
40206 40224 121
40236 40254 28
40263 40278 185
40281 40288 224
40295 40318 250
40304 40317 66
40334 40366 174
40355 40404 39
40385 40410 165
40411 40441 82
40421 40422 220
40430 40440 198
40454 40472 159
40465 40481 49
40493 40494 186
40500 40504 196
40506 40538 25
40529 40538 178
40555 40578 271
40583 40587 298
40601 40612 75
40612 40625 299
40639 40657 213
40664 40673 163
40668 40681 266
40689 40729 31
40714 40760 7
40724 40743 22
40730 40731 28
40743 40765 23
40749 40791 169
40777 40818 204
40793 40814 271
40797 40828 31
40803 40805 163
40814 40817 141
40814 40860 150
40826 40869 34
40839 40842 256
40852 40860 222
40878 40881 126
40884 40913 281
40903 40934 108
40915 40924 247
40920 40931 150
40929 40966 222
40930 40938 101
40937 40958 281
40949 40992 106
40967 41011 1
40968 41008 269
40972 40977 183
41002 41041 291
41021 41031 4
41047 41073 2
41065 41084 14
41068 41109 73
41077 41125 288
41087 41124 233
41099 41112 266
41114 41139 257
41137 41152 75
41139 41153 49
41162 41195 168
41183 41200 249
41197 41201 238
41208 41247 183
41218 41242 120
41247 41288 61
41254 41274 172
41263 41312 234
41292 41322 218
41306 41346 76
41316 41326 62
41327 41352 21
41334 41353 106
41351 41393 35
41361 41373 195
41389 41418 135
41409 41427 202
41429 41451 269
41456 41488 119
41461 41465 107
41481 41494 102
41489 41516 32
41511 41544 195
41520 41532 222
41542 41543 51
41564 41593 262
41590 41606 62
41598 41618 152
41628 41632 137
41646 41651 153
41648 41668 178
41662 41693 237
41665 41697 263
41688 41733 222
41698 41732 4
41717 41729 79
41743 41766 45
41745 41765 7
41753 41767 244
41779 41808 91
41798 41846 264
41807 41827 42
41811 41830 277
41818 41861 3
41834 41876 235
41842 41853 180
41868 41897 19
41870 41901 112
41875 41882 219
41877 41882 43
41892 41926 210
41914 41929 92
41929 41969 177
41944 41973 114
41951 41963 190
41959 41974 19
41964 41995 103
41986 42028 268
41993 41997 274
41993 42024 270
42014 42039 37
42022 42065 210
42022 42042 113
42051 42098 17
42056 42103 13
42062 42094 289
42083 42119 24
42083 42128 18
42107 42136 61
42128 42162 49
42153 42159 96
42173 42176 34
42198 42241 255
42224 42229 16
42253 42254 94
42283 42304 283
42287 42316 231
42288 42289 191
42288 42332 86
42316 42323 1
42318 42324 246
42334 42357 137
42360 42387 24
42366 42412 137
42388 42423 123
42398 42416 208
42407 42456 224
42427 42477 102
42429 42474 12
42458 42483 255
42476 42519 163
42502 42534 58
42513 42553 254
42513 42545 42
42518 42551 144
42529 42562 128
42529 42561 27
42535 42572 63
42537 42572 297
42564 42591 121
42581 42594 111
42586 42621 209
42601 42608 239
42622 42653 195
42634 42643 70
42635 42685 121
42649 42681 126
42678 42727 246
42701 42738 160
42714 42735 91
42714 42761 273
42716 42743 11
42734 42757 113
42763 42766 205
42763 42787 138
42782 42791 174
42802 42822 50
42811 42823 13
42830 42875 189
42841 42885 230
42863 42890 99
42883 42922 183
42902 42931 289
42902 42932 126
42916 42957 287
42944 42953 224
42970 43018 194
42988 42989 187
43013 43039 286
43038 43044 271
43068 43101 236
43081 43094 181
43096 43121 107
43112 43157 29
43123 43148 84
43147 43176 65
43151 43153 235
43152 43173 45
43178 43193 271
43202 43217 92
43204 43228 183
43222 43265 225
43243 43276 191
43262 43290 269
43278 43324 217
43307 43311 224
43318 43349 93
43331 43344 208
43352 43382 179
43353 43373 129
43354 43370 257
43378 43394 214
43378 43384 132
43398 43440 158
43427 43440 29
43447 43483 63
43475 43497 36
43502 43509 196
43517 43539 21
43530 43572 170
43554 43577 167
43564 43567 46
43569 43588 261
43587 43619 120
43617 43658 15
43619 43624 39
43632 43677 234
43633 43680 203
43650 43678 120
43669 43715 201
43692 43694 137
43696 43732 253
43718 43749 71
43726 43770 288
43756 43762 178
43781 43796 74
43808 43843 210
43830 43878 170
43834 43879 285
43857 43906 4
43877 43908 164
43903 43926 149
43903 43939 122
43906 43939 82
43914 43928 279
43916 43937 82
43940 43986 22
43950 43954 119
43953 43988 137
43977 43992 70
43984 43988 212
43998 44004 106
44014 44057 112
44014 44045 227
44042 44046 252
44053 44091 233
44062 44066 8
44062 44107 272
44088 44122 54
44092 44125 79
44095 44124 92
44110 44133 170
44116 44118 175
44120 44140 137
44140 44170 263
44155 44205 131
44173 44215 99
44181 44184 42
44195 44199 214
44208 44244 241
44224 44236 222
44247 44277 203
44268 44286 203
44293 44319 268
44300 44321 151
44313 44340 293
44319 44334 80
44327 44365 9
44356 44364 15
44372 44378 285
44393 44435 120
44393 44421 222
44422 44440 94
44422 44450 264
44449 44482 290
44455 44480 260
44474 44478 31
44504 44528 281
44523 44545 11
44552 44572 221
44573 44611 253
44586 44635 164
44593 44607 77
44618 44658 57
44639 44668 144
44664 44676 78
44675 44679 82
44675 44694 236
44700 44736 206
44714 44749 173
44728 44745 52
44755 44790 225
44783 44786 129
44784 44828 277
44810 44831 241
44837 44854 221
44865 44882 146
44877 44884 18
44893 44942 198
44906 44911 217
44919 44950 58
44925 44958 6
44954 44997 180
44976 44982 5
45005 45030 239
45008 45025 67
45021 45054 185
45040 45061 169
45044 45091 124
45056 45060 60
45082 45110 35
45103 45153 140
45133 45172 185
45138 45146 204
45162 45176 283
45177 45218 217
45196 45234 274
45209 45213 211
45228 45271 19
45235 45250 300
45265 45280 132
45267 45288 192
45288 45328 298
45301 45333 158
45304 45335 128
45322 45336 249
45322 45337 178
45339 45365 29
45348 45382 39
45367 45370 70
45373 45421 270
45382 45401 9
45388 45395 26
45409 45410 71
45434 45484 219
45444 45463 17
45470 45508 297
45472 45509 178
45500 45542 158
45502 45535 168
45503 45529 199
45505 45555 76
45519 45553 62
45533 45570 180
45559 45587 256
45578 45581 257
45579 45588 214
45600 45614 6
45626 45670 170
45647 45685 205
45649 45693 25
45663 45679 232
45689 45714 234
45718 45765 28
45719 45726 243
45719 45748 210
45736 45761 218
45756 45804 250
45762 45773 123
45765 45808 229
45779 45824 128
45792 45803 123
45803 45805 200
45824 45826 274
45838 45861 158
45864 45899 269
45889 45895 220
45900 45925 1
45915 45935 287
45945 45964 155
45971 45984 151
45982 46003 17
46002 46045 55
46010 46045 93
46010 46059 157
46034 46056 213
46052 46064 240
46065 46099 263
46086 46109 114
46113 46117 23
46142 46154 103
46146 46157 105
46158 46176 6
46177 46186 149
46195 46226 56
46208 46252 220
46226 46234 231
46232 46257 179
46250 46278 218
46275 46325 239
46301 46351 8
46321 46343 100
46330 46350 51
46356 46396 227
46371 46379 278
46400 46412 247
46423 46455 4
46442 46464 115
46467 46495 271
46480 46515 46
46494 46528 297
46498 46522 27
46518 46525 299
46533 46563 285
46543 46592 188
46573 46585 117
46573 46593 259
46588 46635 213
46611 46623 282
46639 46663 113
46649 46650 114
46653 46703 159
46656 46703 80
46680 46691 172
46685 46705 96
46696 46734 206
46722 46755 50
46741 46783 213
46742 46764 123
46766 46780 95
46770 46811 238
46775 46803 13
46780 46782 224
46809 46845 85
46819 46861 123
46836 46873 2
46849 46879 25
46849 46889 118
46857 46862 136
46862 46908 225
46882 46906 52
46887 46899 16
46905 46942 17
46933 46972 268
46959 46974 36
46963 47003 226
46991 47027 286
47020 47036 285
47044 47065 91
47053 47090 167
47078 47085 31
47086 47125 150
47094 47115 272
47117 47143 189
47134 47165 281
47136 47156 56
47138 47165 149
47167 47181 185
47187 47203 237
47200 47212 129
47200 47245 228
47228 47273 173
47234 47264 47
47251 47282 145
47259 47289 25
47261 47294 62
47285 47294 202
47291 47322 76
47310 47341 109
47332 47353 126
47353 47384 138
47374 47379 299
47392 47414 214
47399 47408 214
47404 47419 249
47431 47446 199
47435 47478 20
47465 47501 140
47467 47502 117
47480 47508 126
47489 47526 147
47501 47503 3
47527 47575 147
47548 47570 210
47557 47590 244
47560 47578 77
47576 47609 227
47604 47649 267
47622 47630 52
47629 47633 46
47653 47694 208
47664 47683 95
47666 47714 227
47669 47695 263
47687 47718 166
47703 47746 126
47724 47773 37
47742 47750 71
47766 47785 27
47796 47801 125
47804 47827 65
47825 47875 210
47832 47867 41
47832 47860 210
47853 47899 236
47866 47881 63
47890 47916 163
47892 47938 170
47909 47933 291
47929 47938 38
47959 47998 109
47968 47999 152
47997 48039 165
48026 48044 125
48028 48074 95
48037 48051 180
48056 48086 288
48079 48102 59
48102 48122 43
48118 48151 253
48125 48137 93
48143 48164 113
48167 48190 27
48173 48181 226
48182 48183 30
48198 48242 13
48214 48218 297
48242 48275 225
48272 48318 159
48274 48313 238
48293 48309 244
48321 48326 168
48344 48365 299
48355 48376 174
48373 48410 83
48382 48386 249
48391 48400 193
48393 48424 113
48414 48416 87
48428 48478 274
48451 48465 122
48479 48525 21
48500 48531 174
48511 48541 300
48539 48546 70
48564 48587 74
48574 48601 151
48590 48630 214
48617 48645 233
48625 48673 109
48648 48665 80
48649 48652 216
48677 48723 15
48684 48701 216
48696 48727 218
48720 48737 15
48730 48756 196
48734 48781 25
48750 48791 184
48774 48811 79
48796 48840 24
48810 48849 92
48826 48834 141
48842 48856 19
48851 48887 45
48863 48864 41
48871 48916 203
48871 48918 106
48895 48899 204
48907 48908 85
48909 48940 229
48909 48934 32
48926 48931 16
48945 48955 244
48950 48998 77
48971 48973 299
48977 49017 162
48980 48988 163
48992 49012 246
49009 49053 44
49016 49039 154
49018 49044 26
49023 49040 233
49041 49091 164
49061 49107 105
49075 49082 244
49076 49094 20
49102 49146 284
49108 49135 157
49132 49178 291
49158 49194 128
49187 49198 50
49202 49218 128
49227 49229 141
49233 49280 81
49239 49243 167
49251 49282 248
49278 49316 143
49298 49329 187
49317 49347 27
49323 49365 254
49352 49360 82
49368 49392 271
49375 49409 145
49390 49439 88
49400 49440 69
49403 49425 261
49413 49447 223
49430 49474 191
49440 49465 160
49454 49490 148
49482 49531 300
49498 49510 91
49520 49523 188
49533 49576 194
49541 49557 258
49556 49557 238
49583 49628 87
49589 49627 100
49595 49627 196
49597 49612 208
49619 49655 49
49638 49678 241
49660 49686 254
49660 49672 56
49680 49728 206
49707 49739 169
49707 49734 96
49711 49721 241
49720 49751 5
49732 49743 121
49755 49803 276
49778 49792 229
49779 49829 64
49793 49842 195
49817 49822 234
49828 49860 6
49843 49882 190
49867 49903 80
49870 49871 246
49900 49902 60
49924 49958 122
49941 49981 295
49951 49970 137
49966 49984 232
49981 50003 273
49996 50009 154
50016 50017 138
50046 50058 7
50071 50116 80
50087 50111 279
50087 50118 46
50095 50137 91
50107 50127 274
50116 50130 171
50124 50141 138
50142 50179 48
50171 50216 273
50201 50221 82
50224 50256 234
50226 50263 137
50239 50287 34
50267 50301 215
50285 50330 51
50290 50325 144
50309 50359 168
50329 50336 256
50339 50353 209
50356 50381 25
50357 50374 134
50372 50395 46
50374 50385 114
50386 50402 74
50387 50422 88
50404 50422 21
50414 50443 144
50423 50472 203
50437 50470 23
50461 50502 36
50487 50499 25
50489 50493 51
50499 50509 8
50519 50533 13
50539 50581 274
50556 50590 141
50582 50589 87
50582 50598 232
50596 50608 5
50600 50619 148
50615 50656 239
50626 50675 160
50627 50650 4
50646 50681 46
50668 50669 213
50689 50709 134
50698 50704 233
50725 50766 138
50737 50749 212
50767 50774 156
50776 50796 4
50780 50824 225
50795 50844 239
50801 50837 108
50831 50846 221
50848 50888 211
50866 50898 254
50896 50927 41
50901 50916 272
50924 50943 215
50927 50976 152
50936 50977 21
50938 50960 119
50941 50957 109
50966 50987 140
50984 51003 245
50999 51011 171
51010 51044 164
51038 51054 222
51046 51095 227
51051 51058 170
51059 51073 173
51060 51092 161
51071 51119 266
51093 51128 84
51101 51107 55
51108 51143 37
51128 51138 45
51156 51162 295
51184 51231 10
51184 51203 4
51199 51243 41
51222 51225 155
51241 51257 171
51249 51278 223
51272 51284 168
51275 51293 199
51276 51314 261
51281 51324 32
51283 51291 89
51287 51320 296
51305 51351 183
51321 51362 56
51344 51380 217
51353 51374 263
51382 51401 88
51387 51404 12
51403 51414 256
51405 51448 288
51421 51452 256
51443 51460 14
51454 51488 67
51455 51461 184
51463 51490 280
51476 51520 49
51498 51526 105
51504 51513 234
51520 51532 200
51528 51543 250
51549 51583 164
51553 51599 222
51583 51598 228
51587 51617 250
51598 51641 44
51601 51602 160
51606 51622 203
51610 51653 70
51632 51661 18
51658 51681 198
51677 51706 205
51696 51719 278
51723 51768 33
51752 51764 284
51763 51797 219
51792 51821 211
51814 51820 19
51815 51855 72
51821 51830 153
51830 51865 75
51835 51853 261
51848 51873 175
51852 51884 286
51878 51918 239
51905 51947 248
51908 51913 18
51910 51946 213
51926 51976 85
51926 51946 255
51953 51963 120
51969 52006 225
51994 51997 140
52021 52070 212
52035 52059 76
52052 52081 189
52061 52062 216
52079 52124 135
52108 52150 240
52115 52161 77
52134 52177 57
52150 52166 133
52158 52178 244
52173 52174 222
52181 52190 235
52206 52248 138
52233 52266 228
52242 52282 27
52260 52301 234
52275 52282 216
52296 52335 81
52313 52359 234
52313 52315 156
52335 52346 281
52352 52355 16
52363 52373 254
52370 52379 297
52390 52397 241
52397 52410 34
52417 52448 225
52417 52450 270
52430 52453 185
52454 52488 58
52457 52476 166
52477 52479 174
52495 52498 75
52503 52514 160
52521 52547 3
52551 52599 247
52566 52581 267
52594 52608 160
52622 52645 243
52624 52635 58
52650 52688 17
52661 52680 283
52678 52692 49
52679 52720 262
52683 52719 78
52698 52710 174
52718 52729 254
52748 52752 79
52776 52794 264
52798 52827 228
52821 52833 46
52844 52847 176
52862 52884 145
52867 52894 93
52869 52895 221
52873 52888 142
52887 52936 198
52908 52926 71
52915 52928 159
52930 52943 143
52954 52955 74
52979 52999 287
53000 53035 14
53027 53054 279
53056 53086 3
53070 53106 7
53093 53126 227
53123 53135 200
53153 53186 26
53170 53216 99
53185 53234 14
53185 53223 73
53211 53221 236
53238 53242 208
53268 53274 100
53294 53336 255
53308 53329 175
53329 53352 15
53354 53400 282
53364 53375 267
53389 53420 174
53419 53457 279
53432 53475 33
53456 53493 167
53468 53518 246
53472 53522 152
53477 53518 194
53497 53503 104
53525 53570 187
53533 53549 163
53555 53594 71
53574 53581 295
53589 53621 106
53599 53612 193
53613 53640 60
53616 53666 31
53628 53655 48
53628 53638 86
53642 53670 106
53649 53688 223
53663 53708 142
53667 53692 284
53690 53739 158
53703 53742 262
53731 53774 275
53752 53796 190
53779 53825 146
53789 53815 202
53797 53823 295
53811 53837 294
53838 53873 139
53868 53894 264
53875 53909 143
53891 53894 3
53917 53960 167
53926 53949 133
53953 53965 121
53965 53987 89
53976 53987 173
53981 53986 227
53994 54001 295
54004 54054 214
54023 54047 96
54045 54054 137
54055 54088 185
54065 54102 225
54065 54073 65
54093 54099 223
54116 54163 224
54140 54167 244
54162 54180 165
54183 54209 31
54212 54227 36
54231 54276 176
54250 54295 111
54262 54275 125
54283 54331 23
54299 54339 211
54305 54328 268
54305 54317 28
54325 54369 173
54350 54394 209
54378 54426 188
54394 54395 279
54420 54464 168
54446 54462 147
54460 54468 196
54472 54516 8
54491 54535 102
54520 54526 108
54549 54572 230
54567 54602 76
54590 54629 42
54614 54652 23
54628 54640 178
54642 54654 17
54672 54693 175
54695 54713 31
54716 54723 63
54719 54734 137
54720 54751 143
54723 54742 284
54735 54742 195
54757 54785 215
54767 54799 150
54770 54781 85
54798 54826 34
54824 54844 138
54848 54868 252
54850 54896 279
54872 54921 255
54901 54933 109
54930 54964 143
54950 54981 92
54978 55011 93
54980 55006 178
54996 55009 289
55018 55037 39
55019 55028 171
55032 55047 45
55052 55096 252
55076 55113 115
55079 55117 55
55084 55094 32
55098 55127 116
55098 55131 260
55111 55147 143
55115 55135 185
55139 55180 93
55160 55202 219
55190 55204 44
55206 55207 177
55233 55235 203
55262 55307 184
55277 55286 188
55278 55311 218
55304 55346 299
55333 55369 296
55344 55379 109
55356 55390 230
55356 55357 41
55382 55394 227
55409 55422 266
55439 55471 65
55464 55492 106
55466 55498 221
55483 55503 1
55495 55536 32
55518 55551 111
55544 55588 54
55562 55569 57
55564 55565 142
55580 55625 268
55603 55639 245
55614 55636 177
55622 55662 107
55640 55674 68
55644 55670 242
55659 55692 64
55679 55728 166
55709 55757 92
55730 55738 214
55750 55800 156
55769 55801 188
55781 55799 154
55798 55821 2
55806 55847 113
55815 55865 7
55833 55853 172
55854 55903 122
55865 55866 143
55887 55925 293
55888 55920 239
55904 55919 14
55929 55969 171
55957 56003 58
55972 55977 253
55980 56002 229
56009 56023 203
56035 56051 176
56037 56078 284
56059 56098 88
56059 56097 276
56079 56088 199
56100 56132 190
56110 56122 211
56111 56113 153
56124 56167 176
56150 56163 246
56152 56159 238
56158 56175 256
56186 56188 88
56187 56223 62
56199 56243 126
56218 56225 147
56242 56267 96
56263 56286 246
56266 56270 78
56289 56291 81
56318 56363 60
56321 56347 100
56338 56358 9
56348 56357 91
56363 56369 77
56376 56385 108
56391 56401 181
56415 56425 103
56445 56479 183
56452 56486 210
56459 56461 177
56460 56501 68
56484 56490 129
56507 56543 110
56532 56538 177
56537 56549 273
56559 56609 191
56562 56575 95
56587 56596 113
56587 56605 54
56595 56604 30
56621 56664 1
56633 56643 99
56639 56649 263
56646 56675 99
56669 56701 280
56677 56718 233
56691 56722 183
56716 56723 18
56742 56774 111
56766 56816 60
56767 56808 75
56794 56803 43
56814 56828 244
56840 56841 150
56862 56911 275
56878 56922 7
56899 56912 234
56923 56942 282
56930 56978 11
56958 56993 54
56985 57016 209
57000 57050 167
57013 57061 97
57034 57055 43
57035 57085 84
57052 57094 203
57065 57090 81
57077 57120 95
57079 57081 287
57091 57116 35
57095 57129 52
57115 57145 110
57127 57159 111
57151 57177 15
57160 57187 54
57164 57193 120
57189 57222 133
57192 57195 175
57219 57245 89
57227 57241 140
57237 57259 17
57260 57276 210
57266 57275 81
57278 57305 251
57298 57344 211
57324 57361 173
57329 57370 85
57339 57347 219
57357 57387 261
57383 57408 151
57385 57427 252
57413 57419 158
57425 57448 188
57430 57444 143
57460 57498 245
57488 57521 74
57514 57532 175
57515 57532 64
57515 57523 139
57532 57577 243
57544 57571 32
57556 57601 128
57582 57584 239
57596 57601 13
57608 57613 80
57632 57665 276
57634 57673 150
57661 57671 131
57663 57708 36
57677 57680 172
57681 57699 67
57690 57714 54
57716 57746 254
57737 57779 20
57745 57748 174
57758 57786 166
57786 57812 291
57804 57816 35
57833 57837 132
57843 57867 192
57869 57870 198
57878 57889 212
57893 57899 73
57915 57922 75
57938 57956 201
57963 58003 208
57978 57998 50
57991 58034 35
58018 58034 188
58039 58046 270
58065 58112 245
58069 58080 237
58086 58112 98
58094 58098 228
58096 58114 279
58097 58131 116
58099 58130 163
58118 58138 107
58134 58168 137
58156 58183 256
58174 58214 272
58193 58216 12
58217 58238 48
58224 58232 96
58245 58278 109
58273 58318 218
58290 58324 191
58308 58347 48
58331 58338 164
58359 58391 282
58374 58414 172
58403 58453 247
58411 58432 115
58418 58456 175
58418 58464 84
58447 58465 29
58469 58478 173
58475 58491 129
58501 58532 53
58510 58525 78
58531 58557 87
58551 58567 59
58565 58575 65
58595 58622 238
58601 58634 46
58605 58630 222
58605 58625 161
58606 58612 158
58625 58640 87
58635 58671 51
58655 58679 121
58670 58683 120
58688 58691 26
58700 58748 200
58728 58755 193
58752 58797 77
58775 58810 61
58802 58826 152
58816 58838 29
58835 58881 193
58860 58905 53
58874 58918 228
58897 58937 30
58900 58939 34
58920 58944 67
58941 58975 163
58971 59003 35
58991 59011 111
59014 59060 172
59043 59064 188
59052 59072 7
59062 59102 208
59079 59120 300
59092 59129 233
59097 59141 192
59104 59111 38
59121 59132 214
59127 59150 64
59130 59161 259
59139 59162 155
59141 59179 95
59158 59171 26
59166 59197 261
59170 59209 3
59189 59237 128
59211 59249 282
59222 59256 51
59244 59278 16
59251 59297 145
59256 59261 121
59265 59297 137
59288 59327 203
59305 59306 207
59335 59377 195
59336 59382 183
59353 59355 11
59369 59403 144
59383 59386 108
59404 59419 299
59429 59452 256
59456 59463 281
59460 59480 29
59465 59495 220
59494 59540 281
59517 59540 246
59523 59527 182
59546 59565 111
59569 59612 186
59592 59626 106
59602 59604 215
59616 59651 246
59646 59685 89
59658 59662 271
59659 59664 210
59676 59680 14
59685 59721 204
59686 59721 300
59688 59691 274
59717 59722 133
59736 59769 58
59765 59801 135
59774 59797 69
59774 59802 250
59787 59829 15
59799 59805 125
59803 59850 244
59812 59852 96
59830 59872 91
59840 59869 102
59859 59909 285
59861 59881 158
59885 59895 82
59903 59937 178
59906 59917 86
59923 59951 209
59953 59959 24
59975 60003 103
59985 59990 244
60004 60009 297
60026 60027 299
60036 60054 14
60040 60076 7
60050 60078 88
60051 60060 168
60078 60113 152
60088 60117 271
60114 60118 133
60120 60141 197
60126 60135 95
60129 60177 240
60157 60168 20
60176 60223 236
60194 60219 23
60196 60243 28
60197 60237 177
60200 60209 178
60203 60214 85
60219 60223 272
60226 60256 61
60255 60263 250
60264 60295 92
60266 60309 263
60289 60316 138
60313 60333 297
60333 60379 50
60362 60406 176
60381 60407 240
60388 60400 169
60392 60434 269
60396 60409 42
60403 60414 113
60411 60430 120
60439 60467 155
60441 60473 107
60445 60488 2
60461 60473 2
60474 60485 59
60496 60497 266
60511 60519 151
60532 60562 266
60548 60597 296
60552 60553 291
60554 60592 190
60581 60602 291
60603 60621 214
60622 60630 104
60651 60697 128
60672 60691 218
60690 60691 36
60701 60726 12
60723 60752 91
60735 60757 246
60737 60773 51
60744 60763 100
60748 60793 113
60762 60763 292
60774 60800 15
60779 60800 186
60799 60823 55
60818 60827 93
60825 60856 248
60847 60885 221
60857 60871 159
60880 60904 6
60905 60925 144
60924 60962 4
60952 60998 109
60963 61003 269
60973 61023 84
60983 60995 71
60998 61036 153
61018 61039 212
61023 61025 246
61044 61060 74
61062 61074 160
61087 61135 14
61093 61131 284
61106 61156 238
61106 61110 224
61106 61108 89
61125 61167 154
61136 61178 214
61165 61181 111
61166 61175 70
61185 61234 268
61212 61262 32
61231 61280 20
61245 61271 92
61267 61268 223
61292 61328 264
61316 61323 49
61325 61367 246
61339 61382 179
61345 61368 272
61346 61350 149
61360 61388 217
61381 61407 220
61395 61417 295
61410 61423 188
61435 61479 226
61456 61492 146
61464 61505 253
61475 61503 213
61502 61528 6
61509 61559 238
61537 61559 96
61563 61604 30
61588 61632 239
61606 61632 60
61614 61648 146
61631 61681 36
61656 61679 180
61673 61706 20
61675 61709 31
61688 61694 29
61696 61716 178
61698 61734 58
61721 61734 152
61743 61777 125
61773 61800 26
61796 61837 22
61822 61858 49
61851 61855 289
61855 61881 105
61882 61917 192
61897 61911 205
61921 61959 256
61945 61982 102
61973 62016 122
61994 62007 131
62023 62067 53
62047 62060 135
62063 62084 191
62091 62105 256
62117 62164 250
62133 62149 15
62135 62141 163
62162 62206 60
62172 62204 81
62177 62189 43
62192 62216 275
62221 62266 105
62227 62276 32
62243 62253 157
62247 62277 165
62276 62326 278
62297 62333 15
62326 62363 200
62338 62356 84
62338 62377 284
62365 62383 148
62367 62387 30
62370 62405 77
62388 62434 298
62400 62408 195
62404 62420 281
62419 62465 63
62442 62456 2
62464 62504 69
62471 62504 139
62477 62497 184
62478 62524 157
62479 62480 51
62491 62516 84
62507 62552 1
62531 62559 44
62547 62552 166
62574 62604 232
62581 62621 71
62588 62624 148
62600 62632 58
62602 62652 27
62613 62626 102
62636 62676 203
62644 62654 209
62653 62676 209
62673 62685 93
62697 62717 103
62707 62753 244
62707 62716 127
62736 62743 37
62741 62751 260
62741 62788 275
62753 62762 35
62766 62779 5
62790 62836 194
62801 62842 161
62812 62828 46
62831 62838 67
62855 62878 28
62871 62876 131
62882 62920 297
62901 62918 210
62922 62933 211
62947 62983 75
62947 62993 283
62962 62988 96
62975 63004 246
63000 63029 80
63008 63040 92
63029 63040 215
63030 63071 261
63035 63059 207
63038 63084 270
63061 63073 152
63073 63120 218
63074 63095 274
63093 63130 103
63103 63115 93
63103 63135 280
63113 63156 175
63133 63156 190
63159 63196 50
63181 63206 300
63182 63212 17
63200 63223 122
63215 63258 60
63238 63241 49
63243 63254 182
63255 63304 165
63261 63293 26
63274 63300 69
63294 63309 154
63313 63358 9
63334 63365 99
63359 63397 8
63384 63405 143
63406 63443 133
63406 63442 238
63416 63465 246
63435 63474 38
63441 63486 196
63450 63477 82
63474 63522 159
63501 63519 31
63517 63550 200
63542 63561 284
63556 63600 107
63569 63591 169
63598 63616 128
63627 63663 175
63640 63665 223
63643 63645 200
63666 63707 232
63670 63694 247
63685 63687 287
63714 63725 283
63714 63740 149
63728 63739 166
63742 63764 49
63748 63766 140
63768 63809 156
63792 63830 66
63819 63857 139
63844 63868 10
63867 63870 298
63888 63927 91
63908 63930 162
63927 63956 188
63944 63980 170
63967 64016 112
63972 63992 77
63991 64008 37
64013 64056 226
64029 64069 120
64046 64071 111
64057 64073 163
64070 64078 61
64084 64101 89
64086 64104 9
64098 64116 142
64127 64167 68
64145 64163 91
64150 64180 164
64173 64180 68
64184 64213 82
64200 64215 208
64214 64249 300
64230 64276 30
64251 64291 189
64254 64257 115
64279 64316 39
64285 64289 128
64314 64350 76
64317 64321 200
64337 64362 57
64349 64374 26
64377 64424 199
64382 64418 99
64403 64440 186
64414 64418 252
64415 64434 96
64428 64444 85
64432 64440 235
64443 64459 37
64468 64494 138
64474 64491 300
64501 64546 147
64526 64529 266
64526 64537 251
64547 64561 271
64559 64569 119
64584 64586 87
64589 64610 271
64614 64664 100
64629 64638 70
64638 64676 57
64638 64688 132
64647 64653 185
64664 64667 34
64673 64674 44
64676 64690 240
64702 64745 144
64714 64725 147
64722 64764 160
64725 64764 203
64753 64779 225
64774 64814 169
64778 64806 273
64802 64845 40
64815 64839 290
64832 64853 163
64833 64841 240
64843 64890 222
64849 64879 190
64849 64867 10
64855 64865 133
64877 64918 29
64895 64930 128
64900 64927 35
64918 64923 239
64930 64959 56
64958 64991 93
64969 65019 246
64969 65000 204
64983 65013 60
64990 64996 248
65004 65054 230
65019 65037 35
65036 65083 58
65036 65081 193
65062 65086 119
65092 65103 184
65098 65131 112
65098 65107 285
65098 65103 21
65104 65124 157
65131 65133 46
65137 65185 272
65140 65176 72
65168 65184 53
65193 65231 254
65207 65236 147
65217 65230 108
65245 65263 226
65262 65294 60
65288 65311 151
65302 65329 219
65305 65332 8
65323 65337 167
65352 65396 260
65380 65426 35
65393 65408 235
65403 65446 219
65405 65451 61
65429 65458 211
65456 65485 124
65474 65507 166
65479 65521 1
65498 65518 136
65517 65530 142
65527 65560 9
65538 65540 205
65550 65561 45
65565 65566 101
65569 65605 12
65581 65594 289
65604 65631 286
65611 65653 196
65626 65676 97
65651 65690 117
65665 65668 253
65677 65716 271
65702 65705 149
65724 65765 194
65731 65767 166
65734 65775 239
65745 65746 27
65753 65763 275
65769 65799 129
65786 65808 247
65794 65842 77
65806 65829 61
65835 65836 300
65843 65860 144
65845 65871 85
65866 65885 237
65871 65900 288
65876 65920 48
65899 65903 113
65917 65965 151
65946 65995 244
65947 65979 186
65972 65983 247
65991 66005 42
66001 66023 129
66025 66060 46
66035 66073 23
66037 66087 167
66037 66042 250
66046 66094 13
66073 66079 145
66073 66117 158
66080 66121 42
66105 66150 61
66105 66114 116
66107 66154 239
66137 66149 48
66145 66187 235
66164 66213 249
66188 66220 112
66192 66197 225
66211 66230 298
66215 66237 79
66235 66260 173
66255 66287 65
66260 66265 106
66283 66298 7
66311 66360 234
66326 66335 204
66335 66362 45
66348 66371 132
66366 66369 172
66373 66399 192
66396 66405 5
66397 66437 130
66408 66431 138
66427 66429 20
66433 66435 244
66439 66447 87
66458 66487 269
66463 66486 21
66479 66495 94
66503 66518 294
66514 66562 169
66531 66555 153
66549 66596 14
66563 66581 8
66577 66593 234
66594 66629 244
66594 66617 282
66612 66629 271
66619 66637 80
66627 66656 52
66632 66663 234
66639 66674 83
66646 66647 268
66667 66693 255
66694 66717 132
66710 66745 42
66713 66740 50
66716 66733 268
66729 66741 39
66730 66774 209
66758 66806 272
66764 66813 287
66781 66804 121
66808 66809 8
66815 66861 45
66815 66834 287
66825 66869 169
66844 66893 283
66871 66891 32
66880 66916 274
66885 66898 103
66905 66908 1
66912 66932 160
66937 66963 133
66967 66994 6
66993 66997 79
67022 67072 182
67025 67053 61
67049 67081 153
67054 67101 252
67070 67104 62
67090 67135 32
67101 67110 217
67102 67121 71
67105 67137 157
67131 67137 232
67137 67173 182
67155 67177 227
67173 67212 254
67187 67205 31
67211 67249 120
67228 67253 265
67245 67271 293
67248 67262 39
67265 67277 271
67269 67295 300
67284 67317 294
67309 67324 109
67316 67330 212
67322 67333 286
67334 67348 83
67360 67398 141
67374 67375 260
67404 67448 15
67429 67449 252
67435 67443 29
67438 67471 267
67439 67459 125
67448 67496 115
67470 67486 17
67475 67490 56
67481 67485 215
67490 67524 283
67499 67538 118
67521 67540 196
67541 67576 45
67570 67607 234
67595 67635 124
67599 67625 204
67617 67635 137
67620 67659 214
67620 67667 149
67624 67654 224
67624 67643 38
67630 67647 256
67644 67690 80
67645 67691 229
67672 67722 287
67692 67735 15
67709 67715 211
67732 67774 86
67748 67751 118
67767 67790 290
67780 67794 69
67810 67824 233
67827 67870 198
67855 67865 281
67872 67907 110
67872 67879 194
67873 67921 246
67873 67907 106
67898 67937 76
67928 67955 102
67937 67972 247
67956 67957 144
67959 67961 201
67982 68002 12
67991 68012 162
67996 68023 129
68013 68019 24
68014 68048 73
68037 68062 64
68048 68049 128
68054 68103 129
68063 68076 128
68082 68104 168
68112 68154 278
68119 68150 91
68127 68162 150
68137 68146 141
68144 68145 280
68145 68147 94
68153 68183 138
68174 68200 299
68193 68228 289
68217 68250 294
68225 68243 186
68245 68283 281
68269 68270 250
68277 68288 26
68294 68338 31
68318 68360 213
68348 68398 186
68349 68382 52
68355 68381 197
68373 68412 127
68396 68408 53
68404 68454 75
68413 68436 57
68427 68461 15
68457 68466 244
68478 68524 64
68483 68499 47
68491 68519 286
68499 68522 255
68517 68526 172
68531 68544 156
68546 68589 35
68554 68581 228
68576 68590 46
68592 68638 14
68599 68609 54
68601 68604 179
68628 68673 49
68644 68665 22
68649 68688 136
68666 68711 146
68668 68707 193
68672 68709 40
68674 68693 221
68687 68701 188
68696 68732 217
68706 68717 218
68730 68780 107
68732 68748 145
68750 68788 222
68772 68820 186
68796 68820 134
68805 68851 291
68824 68843 30
68852 68858 32
68855 68876 22
68860 68879 80
68888 68896 32
68900 68932 191
68919 68935 15
68926 68970 63
68931 68937 90
68959 68961 168
68973 69022 264
68994 69040 101
69010 69029 280
69028 69037 98
69049 69058 216
69054 69088 68
69076 69107 44
69099 69137 67
69112 69130 299
69124 69132 54
69146 69173 109
69153 69173 25
69157 69177 26
69176 69201 163
69185 69231 182
69189 69217 285
69211 69239 236
69211 69224 38
69239 69248 250
69260 69307 39
69277 69308 120
69299 69306 21
69310 69329 289
69316 69322 16
69325 69335 254
69345 69362 106
69363 69369 257
69390 69419 137
69400 69441 236
69422 69439 212
69431 69447 78
69438 69451 110
69463 69482 197
69474 69501 53
69501 69537 117
69524 69543 178
69535 69538 108
69538 69540 171
69548 69550 118
69558 69578 222
69578 69612 7
69601 69631 216
69623 69652 212
69634 69681 73
69656 69667 54
69673 69710 148
69691 69697 56
69695 69704 130
69697 69740 109
69715 69735 75
69722 69731 229
69733 69770 201
69756 69757 279
69774 69792 102
69786 69807 294
69799 69808 46
69815 69835 117
69820 69841 80
69850 69853 258
69868 69893 33
69871 69913 72
69895 69903 26
69922 69966 186
69938 69975 169
69963 69967 122
69993 69995 59
70004 70026 283
70018 70046 92
70046 70060 11
70064 70079 180
70090 70095 177
70117 70135 285
70119 70135 224
70131 70135 43
70138 70140 285
70168 70206 114
70198 70242 201
70205 70255 264
70223 70254 93
70246 70273 299
70263 70299 272
70277 70279 88
70289 70295 177
70292 70301 256
70316 70338 186
70324 70349 116
70338 70362 155
70338 70361 295
70367 70392 179
70370 70404 53
70382 70391 39
70392 70394 73
70414 70435 186
70415 70433 27
70415 70427 223
70423 70426 257
70425 70441 138
70439 70486 287
70455 70473 211
70459 70470 132
70487 70501 212
70499 70538 174
70515 70563 73
70544 70567 251
70553 70591 109
70575 70601 145
70575 70602 217
70600 70619 267
70619 70623 124
70633 70658 116
70657 70676 244
70685 70730 172
70689 70698 60
70703 70743 227
70714 70762 94
70723 70770 119
70746 70764 32
70746 70755 83
70749 70767 81
70767 70813 24
70794 70811 247
70797 70814 259
70819 70851 49
70840 70859 181
70864 70895 250
70888 70926 272
70898 70942 180
70906 70932 38
70916 70932 183
70940 70968 223
70943 70962 109
70955 71003 252
70981 71025 84
70985 71030 52
71003 71009 238
71003 71026 275
71014 71037 196
71028 71040 188
71054 71079 21
71068 71107 34
71089 71115 173
71109 71135 174
71135 71142 223
71155 71197 131
71155 71163 190
71163 71202 46
71189 71227 46
71212 71224 185
71219 71240 223
71235 71278 128
71238 71281 82
71267 71298 171
71289 71326 258
71298 71306 59
71327 71355 158
71340 71382 264
71349 71382 299
71365 71394 31
71381 71407 221
71388 71408 96
71390 71411 206
71409 71414 151
71415 71419 139
71428 71440 240
71445 71473 12
71453 71458 241
71456 71465 41
71466 71493 256
71477 71525 237
71489 71502 30
71516 71522 62
71538 71552 28
71543 71555 281
71556 71593 50
71584 71617 38
71592 71622 38
71617 71656 207
71617 71658 291
71641 71680 120
71659 71693 221
71663 71713 214
71682 71724 277
71693 71727 285
71713 71720 10
71726 71743 193
71727 71734 21
71750 71767 66
71772 71788 283
71785 71787 147
71789 71796 39
71819 71830 270
71839 71884 43
71855 71892 13
71873 71903 147
71884 71889 201
71899 71948 146
71925 71969 275
71934 71948 135
71956 71986 277
71962 71998 251
71982 72012 67
71983 72024 21
72001 72007 235
72005 72024 165
72010 72038 194
72030 72072 149
72042 72082 109
72055 72084 212
72063 72097 287
72069 72070 64
72080 72091 42
72101 72105 255
72108 72152 136
72121 72139 95
72134 72181 88
72150 72180 183
72176 72219 99
72185 72216 40
72210 72213 31
72240 72267 107
72263 72311 175
72287 72330 228
72294 72310 290
72300 72336 252
72305 72344 90
72326 72333 264
72356 72372 120
72380 72425 278
72393 72410 197
72405 72415 201
72407 72456 38
72415 72451 195
72423 72460 280
72430 72457 240
72433 72439 200
72460 72506 193
72476 72510 174
72489 72495 15
72491 72518 87
72492 72520 267
72492 72524 291
72517 72533 239
72539 72544 13
72568 72573 107
72573 72581 48
72593 72604 63
72595 72638 118
72602 72628 239
72629 72643 63
72652 72656 94
72671 72700 44
72682 72703 4
72700 72715 144
72712 72741 262
72713 72726 224
72726 72759 133
72743 72792 255
72760 72797 243
72775 72804 287
72780 72823 14
72808 72851 281
72827 72874 8
72843 72845 79
72868 72910 222
72879 72922 52
72894 72916 147
72915 72942 33
72927 72931 147
72927 72928 45
72932 72978 273
72947 72991 12
72961 72985 240
72974 72990 38
72983 72991 159
72996 73008 53
73004 73048 244
73016 73045 136
73023 73051 177
73036 73040 173
73060 73106 247
73071 73103 96
73087 73090 104
73087 73110 117
73099 73148 160
73115 73152 90
73128 73154 97
73136 73146 91
73155 73168 94
73171 73216 85
73184 73215 190
73208 73219 42
73217 73224 92
73230 73268 221
73253 73259 18
73255 73293 141
73283 73311 149
73306 73309 266
73310 73357 19
73316 73342 93
73333 73374 205
73352 73394 82
73355 73383 246
73372 73418 110
73381 73408 32
73382 73411 123
73386 73434 115
73393 73395 195
73397 73425 61
73422 73471 38
73431 73452 162
73431 73470 8
73450 73478 293
73471 73497 129
73489 73492 14
73498 73522 259
73502 73525 299
73505 73530 174
73523 73548 38
73544 73546 173
73568 73584 73
73582 73584 263
73586 73621 116
73600 73630 115
73601 73644 291
73627 73662 36
73634 73670 64
73635 73668 268
73644 73650 86
73666 73691 155
73668 73685 242
73685 73735 170
73697 73736 24
73700 73747 118
73701 73704 98
73701 73709 238
73708 73757 279
73722 73736 94
73744 73776 188
73762 73803 68
73788 73800 191
73809 73829 182
73810 73849 16
73815 73817 25
73845 73856 234
73855 73867 270
73856 73901 135
73882 73902 41
73903 73928 107
73903 73924 128
73907 73952 138
73930 73938 88
73954 73994 167
73975 74005 229
73980 74027 54
73999 74043 109
74011 74031 224
74028 74036 72
74045 74078 290
74060 74100 83
74083 74126 96
74087 74118 32
74105 74148 28
74127 74170 224
74150 74165 51
74179 74185 234
74183 74189 249
74187 74212 265
74208 74218 153
74227 74270 98
74252 74285 67
74275 74289 199
74279 74310 123
74299 74333 159
74329 74343 144
74335 74372 243
74359 74381 154
74384 74430 59
74393 74412 291
74422 74470 51
74422 74447 143
74452 74476 126
74462 74491 100
74485 74492 157
74507 74541 13
74511 74530 222
74526 74532 117
74535 74537 272
74539 74565 115
74542 74549 289
74553 74563 27
74571 74579 9
74573 74581 177
74582 74604 182
74601 74620 111
74618 74631 245
74626 74672 171
74640 74678 144
74658 74703 225
74675 74721 50
74677 74697 173
74707 74748 198
74712 74740 72
74725 74744 190
74729 74756 108
74743 74754 194
74748 74758 230
74760 74791 79
74761 74803 168
74784 74821 220
74814 74821 101
74829 74839 229
74836 74861 38
74865 74873 242
74874 74910 24
74897 74922 260
74907 74923 107
74919 74932 265
74923 74968 194
74948 74965 67
74971 74985 277
75001 75050 31
75016 75056 165
75046 75087 213
75059 75095 58
75065 75108 254
75082 75101 150
75083 75105 43
75104 75136 4
75128 75156 194
75137 75167 131
75137 75142 48
75152 75175 191
75163 75197 28
75166 75209 54
75175 75208 1
75180 75212 5
75199 75202 20
75211 75217 264
75235 75252 138
75263 75299 71
75287 75300 36
75301 75339 220
