5000
21 51 187
22 46 93
34 45 158
36 71 204
58 80 166
59 82 235
77 103 81
80 128 197
84 103 202
84 125 92
101 147 25
129 164 139
131 144 293
144 180 156
158 195 105
176 209 230
203 242 177
205 241 180
214 231 254
235 280 193
257 298 268
262 277 267
285 333 238
288 305 266
289 319 51
312 320 46
314 345 190
321 327 260
340 366 194
369 400 18
396 435 191
396 434 260
404 446 25
406 419 271
429 441 293
459 498 268
483 531 280
492 529 159
513 556 260
534 564 150
551 601 211
559 564 119
560 585 116
583 630 25
600 627 182
624 638 262
625 669 280
651 678 217
660 677 197
666 702 296
674 678 99
681 704 239
691 735 39
720 741 83
746 773 95
760 770 97
772 820 229
802 837 224
804 805 74
823 854 38
840 863 135
857 905 102
868 899 127
894 941 199
922 930 200
932 963 187
932 937 228
941 975 294
960 962 193
988 1038 102
992 1010 208
1013 1056 271
1020 1030 56
1029 1051 253
1031 1069 103
1036 1046 125
1051 1056 166
1061 1077 163
1078 1090 167
1088 1134 47
1089 1119 171
1099 1148 288
1107 1144 23
1108 1149 154
1133 1154 196
1144 1184 121
1150 1155 121
1165 1174 89
1188 1228 171
1191 1192 73
1208 1224 231
1215 1247 255
1233 1247 209
1240 1269 100
1244 1257 285
1271 1315 300
1295 1331 186
1320 1356 240
1348 1356 120
1364 1394 25
1365 1386 206
1376 1420 109
1383 1411 263
1390 1396 243
1399 1442 133
1420 1462 171
1439 1460 120
1440 1474 64
1449 1476 84
1458 1480 238
1478 1486 271
1491 1517 135
1514 1527 137
1534 1542 229
1541 1544 67
1544 1553 143
1547 1552 260
1576 1588 121
1605 1619 54
1632 1637 228
1633 1677 193
1651 1682 156
1659 1700 257
1669 1688 40
1695 1738 120
1695 1697 254
1712 1758 198
1716 1732 274
1746 1755 228
1772 1802 104
1774 1780 207
1774 1802 112
1787 1813 245
1816 1818 178
1839 1849 261
1839 1871 33
1860 1863 65
1878 1894 259
1890 1918 43
1905 1918 257
1930 1954 49
1959 1974 125
1987 2013 17
2015 2043 192
2044 2064 265
2057 2094 266
2066 2079 97
2077 2096 223
2082 2128 147
2089 2117 297
2110 2112 234
2128 2165 288
2136 2166 148
2157 2186 286
2183 2219 281
2184 2212 279
2206 2243 16
2220 2239 258
2244 2246 165
2244 2260 76
2272 2282 200
2287 2291 75
2295 2305 166
2319 2321 196
2337 2346 217
2345 2386 154
2371 2404 114
2371 2414 141
2383 2384 132
2383 2388 184
2396 2400 290
2396 2415 145
2398 2412 171
2414 2457 267
2426 2469 106
2435 2436 190
2465 2498 104
2490 2527 14
2504 2526 289
2519 2540 98
2535 2544 235
2548 2581 145
2548 2579 4
2576 2595 68
2604 2637 79
2621 2666 11
2621 2659 184
2626 2666 187
2638 2646 241
2643 2651 72
2665 2676 25
2682 2702 243
2700 2742 129
2700 2724 287
2707 2729 268
2711 2720 12
2716 2755 35
2737 2786 143
2739 2776 271
2766 2767 90
2768 2793 285
2770 2815 109
2788 2790 4
2795 2814 86
2820 2821 242
2845 2866 118
2853 2854 277
2872 2917 125
2897 2945 45
2911 2928 148
2933 2983 233
2958 2981 188
2968 3003 25
2971 2982 79
2975 2999 75
2981 3014 31
2985 3012 134
3002 3027 285
3018 3040 288
3020 3044 39
3041 3061 242
3065 3103 82
3093 3140 132
3100 3121 209
3118 3129 116
3122 3133 185
3152 3165 182
3176 3226 288
3183 3212 157
3211 3242 52
3237 3251 173
3265 3311 111
3288 3324 236
3315 3340 195
3341 3358 68
3348 3387 122
3365 3401 14
3375 3395 178
3399 3433 206
3408 3432 281
3413 3431 90
3421 3454 42
3434 3454 127
3447 3482 143
3477 3491 14
3497 3530 221
3517 3540 54
3532 3541 233
3550 3563 195
3564 3609 50
3566 3579 201
3590 3602 106
3607 3649 137
3634 3648 26
3650 3695 144
3670 3717 60
3681 3705 276
3701 3744 251
3729 3776 113
3742 3746 75
3748 3756 68
3753 3757 177
3765 3791 152
3792 3837 165
3815 3842 203
3823 3835 232
3825 3860 30
3833 3876 21
3848 3872 219
3863 3874 21
3892 3935 243
3896 3908 101
3926 3940 212
3928 3977 290
3944 3991 157
3959 3990 64
3980 4023 202
4005 4051 70
4029 4040 215
4055 4076 154
4078 4094 128
4083 4104 48
4112 4132 284
4136 4145 223
4162 4186 135
4165 4180 124
4168 4195 53
4188 4193 284
4218 4250 11
4245 4267 138
4259 4263 211
4276 4283 11
4285 4312 118
4292 4311 139
4321 4341 122
4342 4378 141
4361 4408 262
4369 4404 80
4384 4413 58
4409 4410 103
4411 4456 208
4429 4443 46
4439 4480 72
4459 4506 49
4477 4522 69
4498 4532 280
4524 4562 266
4539 4575 71
4539 4586 7
4543 4579 260
4566 4581 284
4590 4594 81
4602 4629 45
4632 4662 121
4643 4662 253
4643 4666 219
4657 4677 292
4657 4662 10
4686 4720 28
4688 4691 113
4696 4725 168
4711 4728 247
4711 4715 76
4718 4757 126
4746 4772 296
4774 4813 87
4798 4832 218
4815 4865 69
4837 4878 185
4841 4867 103
4852 4853 113
4852 4875 31
4856 4875 290
4875 4903 124
4877 4896 127
4888 4897 210
4892 4930 198
4903 4910 160
4912 4952 259
4925 4944 125
4940 4968 147
4964 4983 223
4964 4982 103
4981 4994 218
5000 5012 244
5021 5065 90
5030 5055 247
5049 5086 186
5074 5097 89
5077 5126 188
5096 5100 285
5117 5161 215
5137 5138 150
5145 5191 31
5173 5195 26
5192 5199 298
5196 5243 232
5212 5249 100
5219 5248 272
5223 5249 243
5225 5260 81
5249 5256 50
5250 5252 68
5268 5278 98
5280 5321 92
5306 5324 48
5308 5323 276
5313 5317 59
5324 5365 229
5340 5345 283
5357 5391 230
5360 5387 209
5375 5388 34
5380 5416 96
5406 5419 89
5434 5452 60
5440 5467 178
5441 5471 115
5445 5461 13
5459 5467 198
5462 5511 107
5477 5486 65
5502 5503 132
5509 5537 241
5537 5561 29
5543 5591 89
5551 5596 239
5555 5565 110
5564 5569 297
5583 5601 276
5609 5614 248
5628 5641 196
5643 5655 3
5654 5684 54
5655 5662 289
5673 5698 210
5689 5736 141
5700 5711 287
5713 5759 256
5734 5766 133
5742 5762 102
5750 5779 219
5761 5801 247
5780 5820 159
5797 5807 165
5822 5858 169
5850 5851 209
5876 5886 300
5893 5914 22
5895 5905 154
5914 5932 38
5937 5959 272
5946 5990 210
5961 5979 175
5978 6009 19
5998 6026 208
6009 6051 94
6020 6043 265
6045 6086 60
6054 6070 272
6077 6097 52
6105 6151 99
6106 6144 253
6109 6114 102
6118 6151 87
6125 6160 248
6144 6153 87
6162 6211 187
6170 6195 288
6198 6233 166
6215 6217 238
6230 6258 292
6246 6296 153
6265 6266 251
6267 6287 42
6296 6333 101
6315 6347 92
6345 6357 33
6348 6362 132
6364 6407 267
6392 6419 54
6401 6417 268
6412 6421 269
6439 6485 25
6460 6498 32
6465 6503 148
6492 6535 254
6514 6530 60
6516 6565 180
6521 6560 123
6522 6552 10
6551 6573 109
6566 6576 193
6584 6619 249
6599 6635 238
6622 6640 182
6623 6669 39
6644 6684 14
6644 6680 110
6654 6704 41
6659 6696 237
6665 6677 107
6677 6713 80
6680 6712 105
6682 6684 295
6694 6739 14
6711 6753 255
6728 6745 241
6744 6761 207
6769 6770 300
6773 6806 253
6800 6825 38
6808 6851 207
6827 6835 111
6855 6868 8
6857 6880 235
6877 6892 238
6891 6898 191
6906 6912 158
6924 6943 195
6936 6964 44
6954 6968 290
6973 6988 16
6991 6999 37
7001 7032 64
7012 7023 184
7027 7062 178
7045 7081 45
7075 7111 280
7084 7121 210
7098 7112 245
7116 7135 195
7129 7148 164
7136 7184 88
7139 7142 197
7146 7193 108
7175 7182 297
7198 7208 177
7201 7217 57
7218 7255 108
7231 7262 57
7260 7307 175
7277 7297 268
7287 7335 21
7309 7318 215
7315 7346 225
7322 7333 43
7333 7347 18
7355 7386 268
7361 7406 281
7384 7422 254
7402 7418 26
7417 7448 127
7447 7470 277
7463 7499 154
7484 7496 244
7510 7551 162
7511 7552 137
7536 7576 46
7554 7556 16
7554 7558 264
7576 7592 1
7605 7630 59
7614 7664 105
7630 7633 53
7636 7670 23
7649 7691 283
7663 7705 280
7693 7719 174
7699 7707 164
7721 7765 17
7736 7746 182
7743 7765 281
7751 7785 10
7780 7801 228
7796 7833 247
7813 7820 145
7827 7874 87
7846 7868 29
7862 7869 54
7880 7887 156
7903 7944 250
7910 7959 246
7937 7962 254
7943 7993 286
7950 7995 118
7960 7983 267
7975 8023 273
7983 7997 65
8004 8026 189
8013 8034 165
8019 8033 98
8047 8096 228
8049 8097 293
8052 8092 182
8071 8115 212
8100 8141 111
8122 8136 98
8134 8157 21
8139 8141 194
8152 8163 145
8179 8194 205
8195 8231 142
8220 8242 163
8248 8285 183
8265 8301 252
8284 8321 118
8284 8300 114
8299 8336 51
8315 8327 129
8341 8387 73
8356 8380 229
8379 8393 42
8387 8412 222
8417 8450 188
8426 8473 27
8428 8457 94
8458 8474 290
8476 8505 237
8483 8499 297
8500 8512 220
8505 8545 265
8526 8574 249
8552 8593 76
8552 8555 90
8553 8584 290
8581 8595 193
8597 8607 87
8598 8608 240
8623 8636 207
8634 8678 260
8634 8651 110
8649 8686 206
8662 8671 170
8685 8710 239
8690 8727 283
8706 8752 89
8726 8774 252
8750 8791 189
8756 8767 82
8772 8797 29
8787 8833 32
8805 8852 123
8834 8858 64
8845 8857 209
8861 8862 118
8872 8887 294
8885 8909 211
8913 8935 87
8914 8961 260
8919 8941 99
8948 8987 216
8969 8991 103
8979 9013 55
8995 9037 269
9016 9054 280
9046 9060 266
9046 9096 212
9056 9060 192
9063 9069 163
9089 9118 161
9105 9124 59
9134 9154 185
9140 9159 59
9147 9193 67
9151 9184 101
9180 9219 158
9191 9214 173
9221 9265 283
9240 9255 76
9245 9249 151
9259 9260 45
9267 9280 206
9278 9318 125
9280 9290 31
9282 9321 189
9300 9343 133
9310 9347 105
9318 9325 19
9329 9367 265
9337 9378 36
9344 9365 54
9360 9383 32
9390 9414 181
9406 9419 75
9430 9466 259
9445 9471 168
9454 9460 110
9477 9498 245
9506 9532 162
9507 9535 156
9534 9562 216
9552 9592 227
9562 9577 158
9569 9575 12
9587 9595 74
9602 9634 136
9613 9616 128
9638 9650 79
9658 9666 75
9676 9690 297
9690 9725 41
9709 9714 287
9716 9766 191
9745 9757 161
9767 9783 48
9775 9825 248
9784 9815 190
9809 9844 236
9839 9877 286
9855 9880 276
9880 9920 41
9886 9936 238
9914 9942 157
9924 9954 78
9949 9985 184
9973 10015 263
10003 10028 208
10004 10017 142
10007 10024 15
10032 10070 221
10060 10099 9
10083 10120 87
10093 10106 138
10099 10110 120
10107 10134 226
10110 10121 205
10127 10153 150
10153 10164 221
10176 10191 95
10179 10195 153
10179 10194 65
10202 10233 123
10216 10229 69
10229 10270 200
10246 10252 296
10257 10300 212
10261 10289 69
10274 10314 17
10289 10302 234
10312 10315 220
10327 10356 12
10336 10360 135
10346 10396 50
10362 10403 61
10390 10406 124
10413 10443 77
10438 10452 218
10462 10474 179
10473 10520 10
10503 10532 215
10514 10548 121
10531 10554 72
10561 10602 291
10566 10600 178
10587 10633 156
10606 10634 40
10627 10652 233
10646 10673 16
10657 10703 217
10670 10692 144
10687 10713 37
10689 10712 69
10719 10721 129
10743 10783 174
10765 10809 242
10794 10830 281
10822 10872 125
10852 10880 212
10878 10902 256
10892 10936 35
10905 10932 224
10915 10916 70
10936 10978 202
10962 10985 136
10968 10975 117
10987 10992 59
10991 11012 136
11002 11022 85
11023 11024 244
11025 11031 279
11052 11064 109
11075 11122 184
11079 11093 257
11087 11092 237
11091 11118 38
11113 11159 296
11122 11145 156
11148 11155 88
11153 11199 286
11166 11168 215
11167 11187 201
11181 11216 253
11202 11228 298
11228 11234 95
11234 11256 185
11262 11268 101
11268 11285 201
11286 11310 270
11292 11317 173
11312 11324 245
11312 11328 293
11330 11351 34
11359 11403 29
11369 11416 109
11391 11435 151
11406 11451 45
11417 11462 284
11426 11436 183
11446 11482 175
11447 11452 59
11468 11493 13
11486 11491 53
11516 11522 43
11530 11555 195
11545 11564 90
11574 11609 51
11579 11584 40
11601 11604 28
11603 11635 190
11605 11619 107
11632 11633 144
11655 11699 92
11655 11678 158
11674 11687 54
11681 11684 220
11684 11721 178
11690 11706 38
11702 11718 58
11722 11750 179
11725 11734 116
11750 11777 290
11755 11789 79
11758 11774 148
11766 11806 193
11775 11813 294
11786 11794 190
11803 11807 34
11822 11829 215
11852 11900 224
11853 11858 17
11864 11881 31
11872 11905 31
11900 11922 61
11918 11957 23
11948 11968 268
11954 11969 256
11973 12021 132
11991 12018 113
12010 12037 33
12020 12036 229
12022 12070 233
12022 12068 137
12050 12062 137
12060 12061 253
12071 12102 153
12078 12094 135
12095 12106 18
12122 12163 106
12132 12139 246
12150 12199 56
12169 12182 17
12175 12182 216
12190 12199 124
12206 12225 24
12222 12241 187
12225 12271 23
12243 12248 38
12253 12268 118
12279 12313 190
12282 12300 24
12309 12316 196
12332 12341 129
12354 12368 15
12366 12369 177
12383 12424 214
12392 12420 62
12393 12418 278
12403 12431 64
12404 12453 35
12409 12424 125
12410 12430 202
12412 12451 232
12416 12431 106
12431 12450 196
12447 12496 250
12465 12475 76
12472 12522 298
12493 12530 35
12502 12523 236
12503 12552 159
12521 12559 103
12546 12570 80
12572 12591 90
12601 12609 242
12626 12647 102
12647 12657 147
12656 12705 68
12673 12683 191
12679 12709 211
12703 12753 206
12711 12733 276
12718 12727 253
12744 12766 296
12763 12790 168
12792 12800 174
12806 12814 41
12806 12843 299
12807 12809 172
12808 12848 275
12828 12863 261
12853 12897 272
12874 12880 96
12894 12924 296
12919 12927 174
12925 12958 27
12949 12978 254
12976 12985 37
12984 13018 148
12998 13047 61
13015 13019 194
13019 13058 158
13028 13049 55
13039 13064 182
13067 13079 248
13097 13116 77
13115 13158 149
13134 13165 35
13159 13207 208
13186 13205 278
13204 13220 245
13228 13249 168
13257 13269 78
13257 13264 195
13278 13324 155
13292 13333 26
13296 13306 207
13297 13303 41
13302 13309 229
13324 13325 182
13326 13360 40
13330 13379 292
13350 13368 82
13367 13416 168
13386 13403 289
13409 13413 132
13431 13452 166
13447 13471 167
13450 13483 297
13455 13485 191
13474 13484 201
13492 13510 296
13503 13532 219
13533 13559 18
13533 13575 2
13560 13601 89
13568 13590 97
13568 13571 65
13578 13579 122
13594 13615 18
13601 13642 211
13618 13621 38
13623 13664 126
13629 13661 20
13634 13672 71
13640 13673 48
13669 13713 216
13681 13687 6
13705 13746 113
13721 13748 148
13728 13777 64
13757 13789 43
13770 13777 7
13784 13827 164
13806 13810 71
13816 13857 188
13841 13869 9
13852 13871 13
13870 13878 34
13880 13889 165
13881 13889 250
13890 13939 260
13892 13897 109
13919 13965 34
13936 13968 179
13938 13984 102
13938 13976 236
13967 13975 93
13974 14020 218
13980 13998 15
14000 14036 267
14029 14052 91
14035 14045 171
14059 14080 98
14082 14117 7
14094 14095 46
14097 14135 49
14121 14132 204
14143 14177 298
14154 14204 15
14161 14179 178
14189 14191 79
14201 14250 50
14226 14234 30
14239 14286 232
14262 14289 56
14264 14274 59
14264 14295 143
14264 14314 225
14283 14303 132
14296 14297 250
14317 14366 60
14346 14358 49
14372 14396 157
14392 14420 58
14400 14448 143
14424 14426 219
14451 14452 17
14476 14512 235
14483 14491 64
14504 14523 103
14529 14545 203
14542 14558 205
14568 14603 24
14586 14591 98
14606 14621 40
14616 14621 280
14637 14643 239
14664 14666 216
14687 14725 217
14695 14713 45
14723 14772 115
14723 14768 159
14730 14752 66
14752 14801 216
14757 14770 63
14762 14786 179
14765 14791 228
14788 14821 49
14799 14807 91
14818 14865 254
14843 14871 161
14864 14874 165
14878 14881 276
14878 14908 278
14897 14917 181
14914 14948 141
14939 14956 103
14943 14964 65
14973 14978 208
14994 15034 178
15003 15051 281
15011 15035 266
15041 15047 67
15055 15066 70
15077 15101 181
15080 15091 136
15092 15136 115
15099 15107 217
15104 15107 211
15109 15137 56
15115 15132 286
15116 15151 70
15143 15155 295
15166 15183 297
15187 15199 118
15198 15247 171
15208 15248 88
15209 15229 173
15222 15243 35
15244 15290 189
15267 15296 210
15268 15303 83
15270 15284 43
15281 15315 58
15308 15329 67
15334 15356 95
15337 15363 290
15356 15389 222
15357 15407 241
15384 15428 254
15410 15455 122
15423 15442 192
15437 15468 232
15448 15495 12
15476 15492 93
15506 15508 49
15518 15520 41
15532 15560 254
15532 15546 142
15545 15562 286
15572 15616 131
15590 15611 155
15610 15652 73
15626 15671 48
15640 15646 231
15656 15697 144
15667 15681 90
15693 15728 269
15704 15747 109
15726 15728 188
15733 15748 128
15754 15757 154
15760 15810 199
15787 15834 65
15804 15820 133
15826 15869 103
15835 15877 6
15865 15878 220
15891 15912 136
15906 15931 170
15920 15927 90
15928 15938 51
15953 15974 163
15961 15984 60
15979 16018 118
15991 16036 261
16005 16009 4
16020 16031 74
16028 16056 4
16037 16062 106
16064 16110 81
16094 16143 244
16122 16123 112
16147 16191 188
16165 16210 176
16168 16185 233
16190 16222 3
16197 16215 201
16197 16216 202
16209 16212 74
16234 16256 37
16244 16262 27
16267 16297 63
16272 16308 52
16293 16341 245
16296 16345 150
16302 16321 147
16328 16372 191
16331 16351 71
16358 16392 299
16368 16394 251
16383 16404 206
16398 16402 86
16410 16420 129
16415 16440 3
16437 16459 52
16446 16447 292
16453 16474 83
16474 16509 116
16484 16487 152
16488 16495 180
16510 16512 111
16513 16527 46
16530 16556 172
16549 16571 74
16563 16603 110
16566 16612 176
16572 16580 38
16572 16620 83
16596 16633 175
16621 16632 93
16649 16680 251
16658 16667 293
16686 16723 250
16693 16715 272
16722 16741 163
16742 16774 146
16761 16773 132
16771 16814 172
16772 16822 240
16772 16808 155
16790 16797 60
16791 16826 65
16805 16853 74
16832 16879 154
16848 16881 244
16857 16898 251
16886 16916 189
16891 16921 226
16898 16947 2
16898 16910 131
16919 16954 10
16949 16992 146
16977 16990 152
17006 17038 140
17028 17044 77
17041 17090 154
17060 17066 192
17061 17085 238
17077 17112 254
17083 17130 263
17092 17122 144
17107 17148 86
17119 17120 222
17123 17147 66
17133 17153 34
17150 17194 197
17157 17173 28
17184 17227 188
17204 17222 137
17218 17220 239
17241 17243 191
17258 17298 191
17282 17297 126
17283 17333 68
17301 17327 151
17318 17325 192
17343 17351 78
17373 17395 10
17384 17422 122
17414 17454 45
17428 17477 119
17456 17493 207
17484 17506 96
17514 17556 57
17526 17534 148
17552 17553 229
17570 17601 294
17584 17612 13
17590 17623 204
17602 17643 41
17615 17642 10
17626 17659 26
17651 17699 74
17661 17694 5
17674 17706 76
17674 17716 262
17674 17679 255
17689 17715 291
17713 17724 225
17720 17752 29
17750 17786 246
17780 17829 286
17797 17800 134
17803 17848 85
17830 17860 57
17841 17846 204
17871 17907 170
17899 17900 292
17929 17962 283
17935 17941 186
17958 17983 39
17958 17962 109
17967 17984 160
17983 18005 56
18005 18038 123
18021 18045 274
18045 18088 231
18061 18110 234
18071 18083 240
18078 18099 223
18099 18112 120
18121 18171 23
18147 18183 122
18164 18203 146
18186 18212 142
18211 18261 73
18224 18244 66
18230 18243 60
18244 18268 96
18264 18307 29
18272 18277 107
18290 18338 231
18290 18339 153
18300 18333 186
18305 18334 269
18329 18364 123
18335 18373 146
18351 18377 245
18356 18382 43
18362 18399 154
18366 18412 116
18396 18410 140
18422 18470 12
18442 18490 240
18461 18475 116
18462 18491 129
18470 18520 55
18498 18537 133
18517 18526 185
18527 18552 52
18546 18585 153
18552 18585 275
18577 18591 58
18585 18624 207
18614 18642 113
18625 18628 4
18652 18680 55
18661 18709 210
18689 18695 200
18697 18727 194
18723 18750 22
18739 18753 205
18743 18784 241
18752 18794 29
18755 18758 65
18759 18775 216
18780 18830 8
18800 18821 105
18810 18831 278
18836 18866 119
18836 18884 31
18838 18842 23
18863 18881 158
18887 18928 276
18912 18916 292
18928 18948 269
18934 18956 183
18949 18984 298
18953 18977 276
18983 19028 156
18984 18998 158
18987 19007 1
19014 19053 33
19039 19074 12
19063 19096 79
19089 19108 256
19096 19134 103
19126 19149 173
19130 19151 48
19140 19151 75
19169 19203 142
19198 19219 59
19218 19247 17
19223 19250 282
19246 19262 84
19249 19257 226
19253 19297 31
19271 19315 287
19286 19293 88
19313 19359 30
19324 19353 222
19345 19352 117
19358 19401 105
19374 19395 149
19401 19424 102
19425 19433 266
19439 19451 237
19452 19480 255
19466 19516 272
19468 19499 60
19497 19541 54
19510 19525 83
19521 19523 235
19542 19567 227
19569 19615 275
19580 19584 84
19589 19637 33
19591 19593 27
19618 19654 219
19627 19640 167
19633 19646 198
19647 19675 53
19672 19701 248
19702 19718 119
19714 19719 76
19739 19770 291
19749 19791 262
19751 19789 212
19752 19764 131
19767 19798 235
19782 19810 284
19803 19826 120
19825 19854 153
19850 19866 143
19872 19875 89
19879 19893 59
19907 19942 271
19913 19932 115
19913 19956 256
19929 19948 233
19948 19954 126
19962 19997 24
19981 20020 126
19985 20006 178
20006 20027 50
20006 20010 286
20009 20018 253
20022 20047 37
20023 20069 4
20037 20050 151
20037 20068 25
20063 20078 208
20069 20082 110
20092 20099 115
20095 20140 150
20109 20138 276
20124 20152 34
20136 20151 269
20138 20163 193
20138 20154 200
20138 20168 68
20138 20170 138
20157 20158 167
20187 20230 132
20215 20231 279
20241 20250 53
20251 20256 294
20257 20291 243
20281 20290 109
20303 20347 240
20311 20317 177
20334 20349 136
20351 20379 32
20374 20399 162
20395 20424 240
20413 20429 37
20423 20440 52
20442 20461 125
20461 20510 171
20491 20508 40
20505 20531 93
20505 20525 250
20515 20563 285
20529 20552 229
20554 20597 221
20561 20597 267
20561 20611 243
20575 20587 26
20601 20651 52
20616 20665 260
20616 20650 57
20623 20654 234
20649 20695 59
20651 20663 115
20658 20664 250
20668 20696 26
20686 20696 193
20700 20714 300
20709 20752 161
20731 20768 10
20733 20773 282
20749 20783 43
20769 20774 154
20789 20818 226
20794 20838 180
20819 20855 20
20829 20838 12
20841 20849 9
20866 20895 126
20866 20885 61
20888 20892 82
20906 20907 180
20908 20909 247
20909 20952 151
20933 20972 111
20943 20977 298
20948 20984 205
20968 20993 119
20982 21005 49
20984 21010 38
21008 21034 79
21010 21011 182
21037 21072 158
21042 21071 30
21069 21094 236
21076 21113 299
21077 21122 156
21099 21102 34
21113 21125 10
21135 21146 119
21140 21175 289
21169 21192 241
21194 21224 234
21210 21235 155
21230 21268 212
21232 21274 160
21241 21266 143
21258 21269 262
21285 21300 64
21306 21353 255
21322 21355 134
21338 21370 25
21360 21391 133
21370 21396 78
21384 21419 214
21394 21430 83
21419 21467 86
21442 21486 212
21450 21456 106
21469 21479 202
21474 21493 233
21501 21540 275
21525 21562 60
21548 21569 266
21578 21617 114
21603 21618 159
21628 21652 27
21649 21689 146
21649 21660 236
21660 21664 237
21687 21715 291
21717 21719 168
21731 21761 257
21754 21759 244
21782 21796 125
21807 21811 173
21822 21831 263
21842 21845 143
21869 21890 146
21895 21904 152
21918 21928 142
21947 21970 288
21947 21984 271
21975 22016 119
21988 21989 186
21998 22035 260
22006 22028 242
22011 22015 102
22021 22064 112
22035 22067 243
22053 22054 280
22069 22111 200
22092 22096 90
22110 22160 249
22116 22120 179
22119 22151 31
22128 22162 13
22153 22170 38
22166 22213 255
22180 22190 207
22202 22231 168
22202 22212 8
22230 22263 293
22235 22239 223
22253 22267 182
22266 22302 154
22291 22324 243
22320 22341 289
22329 22347 80
22340 22342 251
22368 22408 161
22376 22401 198
22378 22408 141
22393 22404 95
22413 22437 84
22438 22479 212
22460 22490 201
22469 22513 245
22482 22524 24
22497 22547 264
22516 22560 283
22529 22579 251
22545 22589 66
22571 22605 97
22599 22634 286
22624 22673 283
22650 22686 182
22671 22696 46
22677 22678 258
22700 22736 285
22712 22731 25
22724 22753 208
22735 22781 37
22750 22767 118
22774 22815 33
22797 22815 80
22811 22824 206
22831 22855 260
22835 22838 206
22864 22866 228
22884 22906 1
22907 22929 190
22917 22930 158
22933 22955 30
22951 22963 202
22968 22976 66
22980 23024 224
22998 23005 80
23016 23049 240
23037 23079 131
23063 23066 204
23081 23085 110
23103 23139 185
23130 23131 295
23155 23174 74
23161 23206 209
23178 23186 73
23202 23215 123
23219 23269 13
23243 23250 79
23255 23305 39
23269 23295 13
23273 23290 290
23294 23305 63
23316 23320 67
23332 23361 277
23360 23402 273
23368 23381 66
23376 23397 46
23403 23427 205
23417 23432 66
23425 23439 84
23426 23444 109
23434 23437 138
23453 23478 61
23483 23504 90
23485 23502 162
23512 23526 234
23530 23568 129
23542 23591 110
23547 23584 121
23551 23567 19
23569 23596 206
23591 23621 211
23603 23618 132
23618 23620 101
23621 23639 133
23636 23649 94
23661 23687 57
23664 23676 89
23679 23703 215
23689 23718 144
23699 23736 220
23699 23720 287
23715 23763 130
23733 23775 46
23741 23780 255
23766 23795 157
23787 23811 63
23790 23795 225
23810 23818 231
23810 23845 266
23814 23821 219
23839 23864 226
23858 23896 42
23859 23907 9
23883 23908 169
23894 23930 217
23917 23933 223
23932 23943 20
23936 23957 102
23948 23953 193
23970 23989 31
23993 24032 41
24009 24015 195
24036 24045 202
24054 24057 234
24068 24084 164
24075 24097 74
24084 24104 181
24113 24125 236
24119 24140 215
24134 24145 122
24163 24172 36
24166 24216 300
24169 24208 81
24196 24205 262
24213 24246 128
24227 24253 204
24247 24281 184
24248 24276 2
24266 24295 217
24276 24278 180
24293 24337 208
24317 24328 268
24341 24388 224
24370 24383 286
24381 24395 269
24399 24427 133
24410 24443 79
24424 24470 21
24429 24440 276
24433 24478 138
24442 24462 123
24447 24471 8
24471 24518 94
24493 24543 141
24511 24542 243
24535 24563 257
24551 24576 211
24579 24603 272
24579 24599 93
24595 24628 59
24595 24644 25
24599 24608 213
24599 24614 252
24599 24619 282
24601 24604 205
24630 24677 212
24654 24681 169
24664 24700 114
24692 24733 50
24700 24725 167
24700 24735 41
24719 24738 105
24746 24771 277
24774 24785 228
24781 24821 245
24785 24805 261
24809 24828 199
24827 24842 202
24835 24869 252
24848 24850 95
24860 24880 258
24863 24874 54
24889 24934 247
24903 24910 203
24904 24944 197
24919 24967 209
24937 24975 166
24944 24952 199
24947 24972 142
24957 24995 159
24962 25007 276
24981 25018 34
24994 25023 152
25016 25052 151
25021 25033 227
25045 25048 25
25073 25087 83
25101 25113 194
25131 25160 178
25147 25167 15
25161 25204 123
25182 25191 166
25211 25215 280
25234 25269 109
25234 25258 217
25260 25303 63
25271 25314 138
25299 25325 71
25303 25307 230
25325 25352 147
25347 25358 278
25347 25379 51
25367 25383 201
25390 25426 59
25396 25427 70
25423 25460 243
25443 25481 121
25470 25508 12
25474 25498 3
25489 25502 87
25493 25522 117
25504 25533 245
25518 25520 249
25532 25545 292
25544 25571 27
25566 25598 216
25569 25590 263
25576 25584 121
25605 25612 115
25619 25663 56
25622 25635 263
25639 25680 109
25656 25688 97
25677 25684 283
25704 25734 18
25715 25739 73
25719 25763 291
25730 25778 53
25742 25792 207
25753 25786 95
25765 25788 149
25784 25801 124
25790 25808 93
25809 25825 19
25834 25839 154
25842 25875 28
25852 25895 228
25878 25891 209
25888 25900 66
25894 25895 257
25902 25943 59
25922 25937 36
25941 25957 289
25965 25991 80
25987 25997 137
25990 26012 257
26016 26018 27
26026 26059 186
26038 26052 250
26050 26075 35
26080 26085 9
26105 26123 83
26128 26163 60
26133 26178 66
26137 26177 63
26150 26199 163
26172 26198 185
26189 26230 298
26202 26246 106
26217 26258 8
26233 26267 177
26235 26282 109
26260 26272 85
26279 26302 200
26282 26318 279
26282 26290 95
26298 26323 249
26305 26325 184
26331 26375 161
26342 26364 194
26368 26380 56
26383 26411 15
26401 26450 234
26429 26438 187
26433 26441 150
26435 26450 27
26457 26492 276
26476 26509 225
26505 26528 221
26513 26558 35
26531 26560 248
26560 26570 221
26572 26598 281
26577 26610 264
26607 26639 57
26633 26658 236
26651 26657 287
26681 26710 153
26710 26743 185
26729 26748 11
26729 26777 167
26752 26798 99
26753 26765 215
26756 26790 251
26781 26786 118
26800 26845 136
26827 26839 283
26833 26836 247
26851 26869 211
26871 26897 285
26894 26896 226
26915 26936 188
26944 26973 102
26953 26989 60
26963 27005 146
26987 27009 20
26991 27005 118
27020 27049 283
27029 27030 104
27051 27059 31
27067 27106 189
27087 27093 126
27102 27142 51
27105 27113 140
27120 27139 110
27138 27142 282
27156 27184 30
27165 27191 1
27167 27190 239
27182 27228 247
27184 27190 77
27193 27227 260
27208 27209 35
27217 27229 24
27221 27234 193
27229 27263 147
27254 27287 69
27271 27318 237
27276 27324 220
27297 27327 139
27308 27327 165
27333 27364 195
27341 27356 205
27361 27410 66
27379 27389 32
27406 27420 206
27415 27453 136
27423 27425 214
27439 27448 240
27461 27470 287
27461 27509 75
27469 27509 233
27471 27517 157
27491 27531 109
27521 27551 12
27532 27552 69
27555 27570 254
27584 27603 34
27610 27651 58
27610 27618 294
27640 27683 123
27656 27669 135
27680 27718 106
27692 27733 242
27692 27716 54
27704 27710 280
27718 27729 286
27722 27738 3
27722 27746 217
27739 27759 178
27745 27790 109
27768 27781 263
27791 27815 112
27799 27809 89
27829 27854 165
27857 27888 181
27868 27895 13
27881 27899 197
27891 27918 202
27907 27914 241
27927 27977 62
27954 27963 15
27964 27989 71
27994 27996 162
28020 28031 245
28049 28050 93
28065 28089 199
28068 28095 40
28069 28099 150
28086 28090 295
28108 28123 96
28115 28142 51
28115 28129 254
28145 28193 73
28155 28170 77
28176 28184 54
28178 28179 32
28186 28203 167
28214 28234 92
28225 28258 282
28243 28289 72
28270 28292 13
28284 28301 206
28308 28326 255
28336 28380 138
28362 28398 158
28383 28387 7
28387 28437 73
28410 28438 263
28418 28453 249
28418 28433 254
28445 28469 124
28466 28498 196
28492 28493 20
28495 28533 165
28523 28536 100
28549 28576 140
28575 28576 30
28604 28610 180
28616 28650 288
28622 28638 173
28646 28653 73
28671 28702 90
28688 28711 78
28689 28728 197
28718 28764 217
28738 28764 195
28748 28773 88
28763 28798 258
28790 28834 277
28809 28839 123
28825 28853 244
28834 28878 145
28840 28879 122
28849 28890 7
28868 28908 213
28870 28895 195
28871 28891 75
28878 28922 9
28904 28942 241
28911 28927 166
28917 28965 87
28926 28944 209
28952 28978 190
28977 29014 21
28997 29024 36
29021 29034 271
29046 29078 76
29063 29095 136
29078 29119 171
29080 29087 155
29093 29133 45
29108 29147 18
29123 29146 8
29151 29166 267
29181 29207 224
29205 29220 199
29211 29257 49
29228 29275 187
29254 29298 143
29273 29281 287
29299 29341 109
29326 29360 212
29342 29379 300
29352 29380 117
29363 29387 25
29392 29433 58
29395 29410 91
29402 29411 151
29409 29423 192
29439 29443 6
29447 29464 281
29469 29515 289
29497 29526 43
29510 29545 119
29523 29555 254
29545 29569 119
29560 29571 77
29561 29573 148
29580 29621 189
29592 29617 191
29619 29652 267
29642 29690 123
29671 29676 263
29699 29716 204
29711 29716 297
29737 29764 95
29747 29780 236
29770 29816 194
29786 29826 166
29814 29818 159
29832 29844 161
29851 29852 232
29862 29897 222
29890 29914 234
29901 29929 88
29923 29940 233
29949 29976 213
29976 30005 179
29993 30043 60
30016 30047 218
30021 30035 50
30045 30094 226
30051 30063 249
30079 30087 197
30083 30104 156
30084 30122 196
30106 30124 79
30116 30134 175
30138 30155 167
30156 30188 43
30157 30196 61
30179 30194 36
30193 30230 163
30220 30247 237
30227 30251 42
30253 30264 247
30275 30311 274
30292 30339 250
30299 30327 87
30303 30337 6
30325 30326 227
30343 30386 15
30361 30379 129
30386 30412 280
30416 30424 269
30419 30439 143
30430 30469 192
30455 30475 288
30459 30509 137
30483 30504 193
30493 30512 259
30504 30526 125
30519 30558 211
30547 30584 37
30557 30606 280
30566 30590 36
30580 30622 54
30600 30626 72
30622 30667 140
30635 30683 75
30660 30693 126
30674 30713 134
30703 30710 73
30717 30751 147
30723 30756 196
30726 30761 181
30745 30787 184
30747 30791 38
30759 30799 54
30763 30764 74
30766 30779 239
30770 30809 227
30787 30792 15
30790 30828 175
30816 30829 253
30822 30847 14
30849 30878 290
30850 30856 276
30853 30863 168
30868 30905 250
30887 30930 80
30895 30942 48
30902 30943 138
30916 30948 67
30916 30960 289
30922 30949 115
30930 30955 268
30948 30970 210
30963 30999 11
30987 31022 263
31005 31041 80
31031 31052 191
31048 31073 224
31059 31088 211
31062 31066 231
31080 31085 234
31099 31105 180
31126 31150 32
31134 31163 213
31138 31161 186
31153 31170 11
31158 31171 88
31187 31198 125
31207 31213 107
31217 31242 49
31242 31277 65
31266 31303 116
31282 31332 286
31285 31308 112
31292 31341 240
31319 31367 71
31337 31371 71
31354 31381 189
31369 31396 271
31394 31432 131
31412 31458 247
31412 31421 4
31427 31475 54
31438 31457 231
31454 31488 191
31477 31519 170
31499 31506 68
31506 31530 20
31535 31545 286
31536 31550 7
31546 31595 82
31551 31594 290
31557 31581 258
31577 31579 29
31597 31635 92
31623 31640 180
31636 31638 146
31663 31703 122
31684 31689 49
31712 31729 150
31722 31761 243
31738 31754 213
31743 31764 269
31744 31792 32
31767 31770 52
31780 31786 204
31792 31832 223
31802 31836 253
31824 31866 171
31829 31857 27
31851 31856 244
31868 31873 238
31893 31942 48
31922 31931 202
31922 31965 47
31941 31945 164
31951 31976 69
31974 32005 201
32000 32016 41
32024 32042 159
32053 32080 235
32056 32058 74
32060 32074 291
32076 32109 103
32104 32110 103
32133 32145 216
32148 32150 84
32168 32205 5
32192 32198 15
32202 32237 233
32219 32264 54
32227 32246 289
32232 32244 271
32241 32248 105
32265 32272 222
32280 32312 106
32300 32334 138
32302 32303 100
32330 32365 16
32340 32352 44
32361 32376 46
32375 32425 54
32393 32403 293
32419 32459 243
32440 32483 146
32450 32461 206
32466 32485 13
32488 32533 203
32517 32563 198
32518 32560 112
32519 32545 91
32529 32553 84
32533 32559 146
32548 32579 161
32550 32600 17
32563 32566 17
32566 32589 178
32569 32604 84
32579 32586 68
32593 32611 284
32597 32638 256
32614 32661 6
32614 32627 253
32644 32646 68
32671 32674 141
32691 32719 96
32704 32708 222
32721 32735 249
32749 32764 71
32775 32808 8
32796 32839 31
32816 32828 125
32826 32850 202
32837 32885 7
32857 32907 201
32870 32917 193
32871 32906 294
32871 32906 295
32885 32901 184
32913 32957 136
32920 32925 12
32931 32942 149
32942 32953 220
32949 32977 246
32964 32995 158
32969 32971 261
32993 33005 179
33012 33062 35
33042 33074 157
33044 33050 295
33061 33105 249
33072 33091 288
33079 33087 71
33081 33098 179
33085 33123 194
33087 33117 140
33092 33105 138
33104 33126 39
33127 33136 133
33147 33183 36
33175 33200 148
33184 33218 107
33212 33217 222
33220 33242 228
33221 33226 118
33227 33230 235
33234 33247 173
33236 33282 18
33260 33306 99
33282 33318 230
33287 33336 205
33313 33329 195
33314 33352 13
33337 33356 237
33348 33381 7
33356 33360 156
33367 33389 253
33373 33407 174
33390 33395 86
33401 33403 245
33412 33448 28
33421 33426 249
33426 33428 111
33442 33448 14
33442 33485 279
33448 33491 115
33467 33496 110
33488 33536 28
33502 33540 256
33513 33557 264
33521 33528 100
33539 33563 162
33562 33569 188
33590 33623 231
33600 33623 44
33630 33679 83
33656 33695 204
33663 33671 83
33669 33710 101
33693 33705 121
33693 33733 111
33696 33704 227
33696 33703 201
33701 33717 224
33712 33756 161
33714 33744 230
33719 33749 239
33748 33778 87
33760 33803 165
33763 33809 250
33784 33785 260
33805 33850 85
33817 33825 117
33834 33876 191
33835 33852 245
33855 33857 148
33874 33887 168
33884 33910 135
33885 33932 89
33896 33944 75
33907 33936 164
33930 33974 49
33959 33988 153
33988 34037 14
33989 34023 249
34000 34030 227
34018 34019 191
34036 34074 174
34059 34095 23
34084 34129 39
34098 34120 118
34108 34133 155
34119 34145 45
34135 34164 269
34136 34155 143
34152 34153 29
34171 34197 74
34182 34232 118
34210 34229 230
34218 34227 145
34241 34257 293
34250 34290 104
34271 34297 207
34300 34323 101
34304 34316 15
34326 34337 107
34349 34385 149
34349 34376 50
34366 34382 231
34389 34415 98
34393 34418 143
34395 34433 203
34400 34422 265
34424 34458 252
34443 34455 231
34470 34491 274
34498 34529 191
34504 34509 216
34533 34554 66
34559 34590 206
34574 34603 91
34601 34628 156
34628 34641 238
34640 34641 166
34668 34692 1
34680 34702 68
34710 34758 273
34720 34729 220
34740 34743 105
34755 34760 253
34768 34791 51
34781 34809 48
34810 34830 114
34839 34867 146
34840 34886 71
34863 34907 194
34866 34888 65
34879 34911 80
34884 34887 141
34893 34899 275
34920 34956 154
34929 34939 10
34957 34961 108
34965 35006 50
34994 35005 161
35006 35050 82
35019 35057 158
35038 35040 187
35050 35077 195
35065 35090 208
35084 35085 7
35108 35118 19
35114 35119 168
35139 35146 284
35150 35181 260
35163 35173 68
35190 35192 75
35219 35245 23
35242 35288 59
35260 35272 296
35261 35279 211
35284 35305 159
35310 35315 146
35330 35354 254
35336 35384 205
35350 35392 142
35354 35378 41
35365 35386 251
35372 35402 288
35402 35420 166
35423 35464 186
35445 35479 124
35465 35479 259
35484 35508 16
35496 35504 41
35500 35509 220
35509 35539 255
35529 35570 275
35545 35553 79
35574 35583 238
35582 35632 186
35602 35638 121
35610 35629 141
35632 35659 131
35655 35693 30
35683 35729 2
35694 35740 155
35699 35732 61
35711 35731 197
35736 35770 144
35736 35782 150
35763 35776 169
35783 35805 17
35812 35850 77
35839 35889 227
35866 35868 64
35866 35887 57
35869 35902 233
35885 35891 170
35901 35903 53
35911 35944 268
35937 35953 12
35948 35984 198
35962 35972 211
35988 36018 58
36018 36044 279
36018 36039 225
36046 36096 121
36074 36103 211
36075 36121 12
36103 36118 77
36108 36121 145
36135 36152 234
36150 36182 147
36177 36223 119
36180 36194 138
36191 36226 153
36199 36222 89
36220 36266 5
36228 36267 43
36233 36279 1
36254 36265 93
36255 36261 140
36278 36301 196
36284 36319 232
36299 36320 209
36312 36351 244
36326 36329 228
36344 36367 143
36353 36357 7
36382 36429 129
36411 36417 84
36421 36458 30
36431 36473 153
36440 36487 224
36445 36474 201
36470 36471 294
36498 36502 198
36501 36540 119
36507 36523 182
36512 36535 236
36533 36569 153
36539 36586 261
36562 36571 123
36589 36614 280
36618 36666 236
36628 36640 145
36645 36675 60
36666 36685 209
36675 36701 277
36689 36703 182
36710 36731 144
36730 36765 149
36749 36767 249
36771 36799 251
36772 36799 176
36788 36809 254
36792 36806 139
36813 36816 135
36820 36866 190
36824 36848 82
36837 36858 49
36854 36900 201
36864 36874 179
36886 36908 190
36906 36911 3
36920 36925 233
36949 36974 231
36970 36992 57
36986 37018 3
37011 37036 254
37019 37054 155
37047 37070 102
37070 37108 254
37098 37112 122
37119 37121 145
37148 37198 106
37170 37217 234
37195 37212 243
37210 37240 233
37219 37240 140
37248 37280 228
37257 37264 237
37278 37305 277
37282 37290 143
37284 37299 176
37314 37346 143
37338 37382 285
37346 37369 20
37368 37373 66
37393 37432 180
37421 37442 279
37449 37496 85
37466 37494 2
37470 37496 101
37489 37514 29
37508 37536 283
37532 37565 240
37536 37541 62
37547 37584 224
37555 37565 247
37579 37601 240
37588 37602 219
37617 37628 118
37646 37689 6
37665 37695 206
37672 37685 253
37693 37725 260
37716 37729 276
37718 37723 156
37738 37771 36
37741 37774 295
37746 37788 196
37775 37797 229
37805 37817 97
37813 37847 110
37828 37830 115
37829 37879 149
37852 37881 295
37877 37885 159
37881 37920 89
37907 37916 97
37915 37940 52
37926 37935 237
37947 37955 28
37961 38000 88
37967 37992 44
37983 37994 248
37995 38002 78
38021 38051 201
38048 38096 286
38055 38094 165
38077 38118 18
38085 38113 53
38090 38135 153
38098 38130 189
38102 38128 205
38118 38161 272
38125 38132 235
38136 38168 272
38145 38177 295
38174 38209 241
38184 38231 97
38194 38217 235
38198 38241 255
38203 38227 40
38203 38208 292
38209 38211 19
38216 38240 183
38220 38256 100
38231 38249 148
38252 38284 88
38271 38318 109
38293 38303 88
38308 38330 58
38332 38366 211
38358 38402 101
38375 38392 257
38396 38419 186
38396 38445 134
38414 38420 149
38434 38454 292
38452 38467 109
38461 38506 32
38465 38514 11
38491 38509 299
38509 38517 208
38537 38562 242
38538 38585 148
38545 38581 244
38570 38620 249
38582 38613 151
38584 38593 267
38606 38623 66
38621 38636 44
38621 38669 129
38638 38676 270
38656 38700 35
38657 38665 155
38674 38707 230
38680 38727 214
38698 38713 125
38701 38720 288
38730 38739 241
38748 38775 116
38769 38785 229
38772 38807 104
38783 38784 106
38809 38852 263
38829 38858 124
38839 38847 89
38843 38866 111
38848 38891 214
38867 38914 186
38870 38916 208
38887 38893 290
38902 38909 88
38925 38935 100
38929 38947 204
38949 38976 86
38953 38981 221
38970 38993 69
38991 39001 218
39019 39048 185
39048 39097 293
39049 39079 132
39071 39098 100
39099 39147 269
39115 39147 186
39136 39183 72
39144 39151 76
39146 39186 200
39151 39187 90
39168 39190 290
39179 39183 56
39186 39210 211
39215 39228 45
39216 39242 232
39246 39250 33
39256 39304 129
39261 39283 285
39279 39285 177
39309 39348 179
39329 39354 81
39350 39389 11
39371 39372 291
39376 39415 274
39383 39388 86
39404 39423 197
39417 39447 133
39431 39438 270
39441 39452 150
39464 39508 83
39469 39488 84
39499 39517 242
39509 39529 86
39509 39540 113
39534 39553 12
39537 39552 284
39545 39546 52
39568 39590 35
39582 39607 217
39582 39607 292
39604 39608 242
39618 39630 201
39644 39689 236
39672 39701 113
39694 39709 204
39723 39767 73
39749 39780 267
39772 39822 104
39783 39829 83
39799 39848 48
39813 39855 204
39840 39849 186
39862 39908 96
39890 39907 231
39920 39950 227
39927 39949 4
39937 39972 201
39965 39991 6
39987 40015 139
40015 40037 72
40028 40054 202
40037 40058 238
40054 40062 160
40063 40101 195
40087 40092 176
40095 40139 22
40104 40127 211
40130 40175 172
40148 40185 53
40150 40182 78
40165 40202 271
40167 40209 74
40176 40214 178
40178 40223 264
40183 40233 9
40210 40234 276
40239 40250 99
40268 40277 146
40272 40275 148
40283 40291 91
40303 40334 192
40326 40346 186
40334 40379 72
40355 40357 57
40362 40386 177
40391 40408 23
40403 40424 144
40407 40438 130
40436 40473 64
40454 40475 264
40459 40484 20
40486 40500 69
40509 40553 183
40536 40581 119
40563 40607 105
40593 40594 23
40596 40631 100
40600 40614 262
40617 40651 158
40643 40647 91
40656 40705 75
40672 40712 52
40695 40716 218
40704 40728 62
40727 40753 239
40736 40764 252
40748 40749 295
40773 40799 84
40792 40804 62
40792 40814 245
40798 40816 294
40809 40841 70
40810 40860 124
40821 40845 46
40824 40845 31
40824 40842 272
40832 40871 94
40854 40862 116
40863 40867 141
40877 40927 33
40893 40937 259
40917 40922 56
40945 40957 46
40963 41004 258
40963 40989 47
40982 41029 291
40988 41034 23
41000 41046 178
41003 41017 53
41026 41049 119
41027 41045 231
41043 41053 294
41068 41097 108
41084 41089 178
41098 41136 153
41125 41144 270
41147 41180 185
41155 41184 154
41182 41211 114
41209 41234 23
41236 41281 74
41254 41258 108
41261 41294 17
41274 41286 54
41289 41308 26
41318 41346 232
41328 41363 173
41355 41370 190
41369 41408 21
41395 41415 250
41411 41420 27
41437 41462 187
41463 41481 211
41483 41526 141
41489 41502 55
41492 41493 11
41509 41535 1
41515 41518 150
41541 41575 100
41554 41593 174
41582 41627 179
41589 41616 291
41619 41638 89
41626 41662 115
41649 41671 217
41673 41681 252
41692 41737 146
41699 41707 30
41701 41741 138
41720 41754 209
41728 41750 104
41743 41779 113
41765 41772 194
41784 41829 223
41806 41822 193
41830 41858 52
41860 41867 26
41869 41893 258
41884 41905 177
41909 41953 115
41928 41936 191
41935 41962 217
41953 41956 268
41970 41973 68
41991 42007 122
41997 42002 69
42015 42022 60
42028 42066 1
42039 42046 26
42053 42057 297
42073 42092 194
42075 42093 271
42104 42151 158
42112 42146 128
42114 42128 265
42136 42138 224
42158 42199 42
42168 42176 134
42187 42190 83
42208 42245 157
42211 42248 130
42213 42226 12
42214 42247 271
42218 42244 75
42236 42254 185
42264 42303 71
42288 42327 204
42313 42328 119
42318 42332 139
42330 42345 145
42341 42384 181
42349 42373 77
42362 42410 239
42365 42367 61
42385 42435 45
42400 42408 144
42413 42415 70
42432 42445 147
42453 42474 135
42454 42478 204
42473 42502 264
42503 42537 45
42512 42557 275
42514 42560 156
42540 42553 13
42560 42567 110
42560 42586 223
42587 42589 52
42599 42616 130
42610 42630 144
42628 42648 86
42640 42648 85
42656 42684 217
42677 42689 179
42698 42738 267
42709 42740 101
42731 42764 296
42758 42783 220
42779 42815 91
42781 42787 207
42790 42793 146
42805 42837 131
42814 42864 253
42820 42823 72
42826 42850 108
42843 42881 68
42850 42892 35
42866 42870 208
42879 42928 209
42896 42934 72
42912 42917 116
42913 42933 221
42939 42969 8
42959 42980 103
42976 42977 28
42990 43010 285
43000 43031 6
43020 43059 279
43046 43071 128
43059 43067 269
43084 43097 105
43102 43137 87
43127 43177 267
43146 43172 54
43162 43170 77
43168 43170 116
43170 43211 162
43178 43204 121
43197 43211 139
43215 43243 39
43219 43221 48
43246 43273 143
43251 43301 69
43251 43275 142
43265 43293 298
43286 43335 117
43289 43304 32
43315 43332 49
43331 43380 117
43347 43364 75
43376 43418 150
43384 43417 129
43395 43435 10
43422 43447 276
43429 43475 209
43440 43472 10
43442 43447 26
43452 43490 190
43479 43523 63
43499 43546 293
43513 43517 75
43521 43559 142
43544 43569 4
43567 43583 83
43567 43581 286
43567 43595 228
43580 43630 235
43580 43599 69
43589 43616 299
43607 43645 123
43609 43658 227
43614 43634 153
43615 43626 273
43639 43663 97
43656 43657 104
43662 43696 173
43689 43691 234
43695 43718 270
43700 43724 239
43710 43757 148
43723 43771 114
43743 43744 231
43770 43784 236
43777 43818 82
43807 43826 236
43837 43856 246
43852 43891 297
43876 43920 201
43892 43935 285
43907 43909 293
43918 43919 25
43930 43962 283
43948 43955 50
43949 43991 204
43977 44004 269
43986 44036 44
44002 44005 148
44017 44019 238
44026 44040 17
44026 44056 291
44031 44081 94
44055 44068 26
44057 44103 237
44084 44124 12
44103 44110 24
44112 44127 118
44140 44167 276
44145 44181 296
44161 44194 234
44184 44204 130
44202 44213 28
44206 44251 6
44223 44232 153
44232 44262 92
44258 44264 266
44269 44293 294
44298 44344 219
44323 44338 201
44345 44349 215
44370 44400 251
44398 44418 1
44422 44461 10
44426 44471 93
44449 44456 56
44469 44508 96
44493 44538 81
44511 44550 287
44530 44541 117
44530 44551 119
44551 44580 275
44561 44562 160
44586 44613 246
44604 44615 132
44625 44642 278
44632 44642 268
44657 44695 3
44675 44721 63
44681 44703 43
44684 44728 207
44712 44740 104
44716 44746 96
44741 44767 213
44759 44804 97
44785 44822 18
44805 44825 73
44814 44858 290
44818 44820 165
44845 44872 269
44863 44898 157
44887 44914 187
44906 44918 171
44907 44937 56
44916 44961 80
44942 44955 17
44970 44976 79
44977 45011 7
44993 45041 16
45014 45042 279
45031 45055 248
45032 45050 183
45043 45082 271
45061 45072 273
45088 45098 290
45108 45120 96
45132 45174 25
45149 45196 86
45152 45179 296
45170 45196 297
45183 45209 239
45213 45250 214
45243 45272 240
45261 45272 85
45278 45294 136
45280 45315 269
45296 45329 120
45300 45347 88
45330 45360 39
45356 45383 12
45383 45395 197
45413 45421 277
45441 45456 45
45462 45466 23
45469 45516 274
45495 45496 97
45520 45521 67
45529 45572 294
45534 45573 71
45556 45601 236
45577 45605 4
45596 45630 187
45610 45641 177
45630 45638 286
45632 45678 126
45660 45664 210
45660 45678 43
45673 45697 14
45694 45739 88
45716 45743 202
45731 45751 6
45745 45774 176
45773 45785 69
45791 45805 201
45816 45827 31
45821 45827 171
45829 45859 145
45844 45882 290
45856 45873 119
45868 45914 178
45874 45924 251
45902 45946 159
45919 45931 93
45947 45948 44
45974 45982 273
45999 46004 208
46015 46035 280
46027 46064 4
46031 46048 188
46056 46061 157
46080 46122 61
46086 46132 172
46109 46140 43
46118 46167 296
46137 46183 176
46164 46177 197
46174 46179 73
46179 46181 216
46181 46212 163
46207 46240 276
46228 46272 11
46253 46271 101
46282 46298 20
46300 46331 201
46326 46370 216
46347 46363 169
46352 46379 31
46352 46395 77
46370 46418 187
46384 46389 130
46412 46416 127
46428 46440 70
46454 46456 92
46467 46494 244
46477 46523 48
46498 46527 27
46511 46534 130
46526 46576 17
46538 46551 157
46565 46569 273
46585 46608 36
46586 46615 271
46601 46628 160
46610 46639 116
46638 46657 133
46642 46654 156
46672 46722 110
46694 46714 163
46695 46699 160
46699 46714 26
46711 46714 197
46713 46714 2
46730 46747 83
46745 46775 187
46771 46780 15
46785 46823 11
46794 46844 168
46808 46835 24
46815 46860 128
46838 46852 223
46844 46859 206
46845 46849 54
46845 46861 50
46858 46881 67
46880 46924 252
46890 46922 299
46902 46909 202
46913 46960 42
46923 46956 87
46948 46983 113
46967 46973 218
46975 46979 250
47005 47030 196
47013 47017 179
47025 47032 279
47039 47047 187
47059 47068 5
47079 47127 207
47099 47143 143
47119 47135 185
47148 47196 45
47169 47203 31
47177 47207 18
47200 47248 270
47205 47249 242
47221 47252 2
47236 47244 253
47257 47262 291
47287 47308 222
47306 47309 164
47326 47354 213
47356 47389 171
47363 47371 239
47371 47388 175
47398 47410 15
47409 47421 196
47415 47441 6
47444 47463 117
47456 47468 217
47485 47505 246
47506 47524 75
47533 47545 52
47554 47594 150
47573 47619 68
47592 47605 194
47620 47631 19
47620 47625 142
47637 47640 65
47666 47674 150
47692 47696 220
47708 47709 12
47722 47753 88
47735 47750 62
47755 47768 49
47779 47793 96
47802 47831 196
47808 47809 270
47814 47842 49
47824 47844 272
47837 47865 154
47855 47883 44
47876 47898 61
47894 47925 54
47901 47947 123
47923 47960 245
47925 47972 200
47947 47973 85
47955 47971 291
47974 47994 134
47980 47988 188
47982 48014 201
47988 48022 69
47988 48001 262
48010 48044 292
48028 48034 251
48033 48044 241
48060 48105 93
48081 48096 293
48086 48117 1
48101 48134 290
48128 48150 153
48132 48171 156
48143 48152 165
48167 48168 34
48196 48221 236
48197 48240 70
48224 48226 98
48224 48232 293
48236 48278 166
48261 48304 157
48272 48304 281
48302 48340 248
48325 48354 280
48330 48364 212
48354 48367 138
48377 48384 82
48389 48397 124
48408 48421 176
48416 48427 93
48440 48451 34
48443 48445 96
48459 48472 55
48489 48510 20
48508 48533 137
48516 48546 164
48532 48544 45
48548 48565 170
48576 48612 183
48588 48613 297
48594 48607 56
48599 48630 134
48629 48642 132
48651 48698 24
48671 48715 166
48683 48690 296
48699 48707 131
48724 48737 11
48745 48777 67
48750 48793 2
48770 48781 114
48787 48812 182
48805 48833 61
48829 48873 233
48838 48861 38
48850 48897 276
48875 48879 250
48883 48887 70
48907 48915 167
48921 48971 169
48947 48970 239
48975 49004 242
48981 49016 86
48986 49006 231
49011 49026 102
49027 49042 279
49054 49059 204
49064 49074 113
49073 49101 29
49076 49093 23
49079 49088 127
49103 49112 185
49113 49123 300
49132 49165 131
49136 49155 22
49136 49161 24
49151 49172 106
49157 49168 178
49170 49201 63
49196 49225 60
49213 49256 296
49228 49247 286
49242 49292 257
49262 49264 157
49278 49280 253
49278 49289 75
49302 49318 232
49306 49334 11
49325 49362 251
49342 49368 83
49354 49381 10
49378 49388 216
49383 49404 217
49412 49438 237
49425 49469 82
49438 49471 147
49439 49482 127
49454 49488 178
49484 49486 142
49493 49508 147
49505 49524 298
49533 49560 96
49549 49590 217
49571 49617 5
49594 49617 98
49609 49637 131
49638 49679 52
49649 49677 83
49658 49677 10
49687 49692 111
49696 49725 285
49719 49734 300
49722 49759 212
49752 49779 64
49775 49780 225
49785 49819 18
49799 49840 247
49813 49816 121
49834 49850 154
49857 49858 240
49869 49905 80
49899 49901 299
49923 49955 172
49944 49949 182
49946 49959 28
49974 49977 27
49993 50010 57
50007 50037 7
50015 50057 219
50045 50057 197
50045 50094 202
50058 50085 181
50080 50081 132
50095 50096 270
50121 50167 125
50137 50151 99
50142 50180 222
50161 50208 241
50180 50181 180
50189 50232 11
50192 50222 57
50206 50227 93
50222 50259 257
50246 50266 45
50267 50294 60
50269 50306 194
50283 50318 25
50301 50307 164
50325 50366 97
50340 50364 233
50341 50381 161
50342 50392 111
50369 50382 182
50369 50405 299
50393 50421 299
50409 50428 239
50437 50443 196
50451 50491 154
50473 50505 264
50475 50485 259
50487 50488 99
50489 50536 26
50495 50502 202
50507 50517 298
50531 50569 153
50545 50546 239
50569 50592 182
50580 50622 104
50598 50637 294
50604 50608 52
50619 50628 119
50619 50633 70
50649 50688 162
50650 50674 93
50670 50671 244
50689 50730 99
50712 50719 213
50727 50760 272
50754 50760 142
50761 50783 146
50767 50793 108
50771 50819 161
50800 50836 163
50820 50822 107
50829 50833 29
50830 50857 182
50842 50870 71
50868 50908 235
50868 50913 127
50885 50911 94
50900 50932 105
50928 50969 131
50939 50984 227
50961 50999 50
50982 51013 235
50990 51038 131
51006 51029 284
51028 51066 16
51045 51077 210
51071 51093 249
51084 51116 114
51099 51102 24
51107 51113 44
51128 51158 246
51155 51195 294
51168 51176 67
51190 51223 127
51191 51222 26
51216 51262 281
51244 51258 224
51262 51281 139
51270 51304 188
51284 51305 72
51285 51332 19
51302 51350 60
51321 51341 98
51345 51356 1
51364 51369 42
51381 51414 122
51392 51394 165
51413 51440 250
51417 51435 259
51432 51466 264
51449 51474 184
51449 51486 165
51461 51480 173
51466 51472 97
51485 51527 109
51493 51528 215
51523 51528 84
51529 51576 1
51537 51574 67
51563 51606 284
51578 51610 165
51584 51592 142
51586 51626 201
51598 51638 181
51617 51665 135
51629 51668 41
51634 51635 9
51641 51655 114
51646 51676 40
51654 51689 78
51661 51684 168
51682 51713 39
51701 51710 47
51707 51716 212
51732 51736 124
51738 51780 273
51745 51762 84
51766 51788 246
51770 51802 69
51796 51835 73
51817 51822 213
51822 51827 177
51831 51848 3
51841 51861 14
51865 51887 3
51894 51914 5
51904 51948 187
51918 51932 234
51943 51988 224
51973 51998 201
51998 52031 230
51999 52006 128
51999 52003 39
52014 52032 227
52026 52068 84
52033 52041 79
52038 52044 280
52040 52045 76
52049 52098 138
52076 52103 22
52080 52088 113
52083 52133 191
52083 52090 182
52106 52111 203
52131 52157 262
52140 52177 123
52151 52190 115
52173 52196 281
52183 52194 130
52201 52235 228
52207 52211 228
52224 52247 146
52224 52265 118
52236 52272 190
52236 52283 35
52258 52303 148
52265 52289 236
52273 52312 300
52283 52295 205
52294 52304 115
52308 52311 285
52327 52354 150
52329 52365 180
52346 52377 193
52364 52389 247
52366 52386 5
52389 52402 26
52393 52399 289
52414 52463 231
52430 52448 3
52438 52476 90
52450 52495 72
52467 52474 180
52496 52545 193
52520 52545 136
52522 52558 179
52524 52546 91
52551 52587 190
52553 52572 93
52579 52608 99
52608 52620 248
52625 52639 123
52633 52644 293
52659 52679 96
52688 52697 74
52716 52763 41
52735 52747 139
52759 52777 268
52783 52806 115
52787 52812 84
52806 52812 29
52815 52865 199
52816 52817 286
52818 52851 179
52834 52869 143
52847 52861 134
52861 52869 125
52866 52899 163
52893 52943 101
52902 52920 110
52932 52960 96
52942 52961 189
52966 52968 62
52986 53024 28
52988 53024 231
52990 52991 156
53014 53027 116
53044 53060 66
53045 53068 177
53057 53063 282
53081 53096 105
53111 53149 7
53119 53132 285
53124 53173 239
53133 53179 181
53135 53172 296
53153 53199 234
53158 53203 178
53164 53212 122
53189 53237 240
53195 53222 101
53219 53239 121
53246 53288 77
53271 53280 229
53288 53338 104
53315 53316 160
53319 53352 211
53331 53346 109
53345 53380 271
53371 53401 257
53382 53432 30
53410 53419 90
53435 53438 256
53443 53468 257
53471 53481 64
53499 53510 211
53517 53567 116
53537 53577 232
53560 53575 12
53562 53586 143
53566 53603 64
53573 53612 11
53584 53629 106
53587 53597 138
53602 53644 185
53623 53673 1
53627 53677 189
53653 53667 252
53682 53698 63
53695 53698 193
53696 53705 224
53701 53726 181
53706 53723 218
53713 53739 77
53731 53749 145
53735 53774 168
53738 53763 7
53745 53756 129
53754 53760 119
53780 53804 224
53797 53813 222
53822 53852 60
53846 53878 223
53864 53884 206
53887 53902 50
53896 53934 39
53914 53919 265
53914 53937 241
53943 53960 193
53945 53979 10
53950 53992 212
53975 53997 258
53999 54026 63
54007 54043 101
54027 54050 213
54033 54048 155
54062 54101 282
54077 54119 174
54098 54133 158
54100 54146 220
54125 54146 101
54135 54175 55
54150 54171 49
54163 54181 232
54192 54195 36
54194 54232 74
54208 54224 152
54220 54225 52
54224 54270 176
54242 54260 85
54248 54267 150
54268 54315 179
54294 54331 45
54323 54336 171
54324 54329 297
54324 54362 87
54334 54373 219
54361 54388 1
54387 54401 78
54413 54436 198
54441 54475 263
54469 54475 271
54495 54517 202
54502 54545 47
54503 54546 47
54508 54519 75
54532 54561 87
54557 54589 97
54557 54571 46
54564 54588 163
54577 54597 166
54607 54617 274
54627 54658 300
54643 54682 100
54655 54700 119
54665 54683 58
54695 54721 147
54707 54738 60
54737 54755 170
54760 54792 114
54760 54766 33
54766 54800 33
54767 54788 45
54770 54772 227
54793 54799 149
54807 54837 75
54807 54825 73
54821 54871 47
54840 54868 134
54859 54861 258
54874 54883 203
54887 54908 299
54899 54901 226
54906 54947 128
54930 54957 4
54955 54974 30
54985 55000 73
55008 55016 200
55023 55073 81
55042 55043 125
55047 55073 36
55065 55094 150
55095 55125 267
55105 55152 168
55135 55164 99
55145 55162 72
55165 55173 295
55172 55182 217
55195 55214 275
55222 55247 192
55246 55250 4
55266 55271 183
55274 55319 10
55296 55317 131
55296 55318 158
55308 55354 40
55313 55346 51
55320 55323 216
55331 55361 166
55351 55363 30
55356 55386 201
55381 55425 128
55400 55422 208
55400 55428 16
55416 55441 89
55418 55464 78
55428 55454 206
55437 55477 136
55444 55455 278
55458 55466 212
55482 55489 267
55482 55500 71
55502 55532 193
55519 55565 41
55526 55559 155
55535 55563 55
55549 55577 166
55558 55605 189
55563 55585 110
55582 55584 97
55610 55613 139
55619 55663 74
55634 55683 275
55635 55673 69
55656 55684 189
55676 55722 28
55695 55713 154
55723 55766 50
55751 55798 156
55762 55798 128
55780 55789 96
55793 55807 101
55804 55826 254
55831 55871 223
55838 55846 131
55856 55891 23
55886 55897 212
55887 55894 270
55914 55958 97
55917 55955 266
55936 55973 37
55955 55962 25
55956 55966 259
55970 56020 136
55989 56021 249
55999 56025 295
56011 56041 192
56023 56055 5
56052 56072 118
56061 56093 55
56090 56100 164
56110 56152 243
56110 56150 298
56115 56159 206
56126 56159 210
56146 56158 30
56172 56189 169
56187 56226 1
56198 56222 121
56219 56239 112
56222 56259 1
56224 56270 247
56242 56251 35
56268 56281 19
56285 56314 65
56306 56334 117
56312 56337 45
56332 56334 172
56347 56381 52
56377 56421 114
56393 56438 107
56400 56407 119
56418 56445 136
56445 56480 129
56460 56504 300
56473 56490 9
56477 56507 108
56477 56501 35
56482 56499 102
56485 56500 11
56499 56518 199
56525 56530 27
56550 56569 176
56560 56594 285
56576 56586 210
56580 56605 159
56607 56616 178
56636 56651 145
56656 56663 101
56657 56668 125
56681 56729 71
56702 56714 45
56727 56776 59
56752 56768 188
56760 56780 20
56770 56788 167
56779 56805 88
56792 56795 104
56818 56848 225
56820 56852 222
56843 56845 159
56871 56921 149
56891 56928 196
56894 56906 146
56898 56929 194
56907 56920 5
56928 56934 274
56934 56951 56
56935 56976 222
56960 56975 156
56968 56986 135
56992 57038 73
56999 57038 230
57022 57064 238
57023 57038 28
57050 57080 221
57052 57098 222
57081 57087 50
57082 57097 92
57082 57126 25
57097 57102 282
57121 57156 198
57123 57126 74
57125 57162 235
57144 57174 172
57146 57172 199
57170 57178 264
57191 57230 112
57194 57210 93
57223 57229 228
57241 57272 174
57254 57297 140
57272 57302 129
57283 57290 34
57297 57340 12
57315 57324 290
57345 57351 1
57366 57379 119
57375 57402 127
57403 57427 159
57422 57436 101
57437 57475 99
57451 57472 179
57461 57476 203
57470 57490 86
57477 57519 107
57495 57533 150
57520 57558 78
57524 57556 187
57539 57553 10
57549 57576 162
57568 57613 55
57583 57609 28
57611 57630 289
57624 57645 132
57625 57630 177
57630 57661 245
57641 57654 30
57643 57676 61
57671 57678 219
57682 57694 281
57683 57707 23
57704 57733 108
57731 57767 189
57736 57784 217
57754 57796 163
57767 57792 34
57793 57828 108
57813 57818 233
57822 57823 186
57840 57853 56
57858 57897 138
57886 57931 230
57910 57923 181
57940 57977 60
57964 57968 127
57983 58019 278
57998 58025 29
57998 58030 109
58027 58059 111
58038 58085 145
58061 58108 285
58084 58118 129
58090 58117 123
58109 58121 63
58133 58182 279
58149 58168 17
58172 58204 7
58187 58215 257
58194 58197 191
58203 58248 248
58218 58259 93
58223 58265 82
58248 58263 22
58276 58289 42
58286 58292 16
58316 58351 182
58330 58367 17
58350 58397 178
58371 58377 215
58380 58391 63
58405 58442 209
58410 58460 298
58411 58413 106
58421 58454 265
58450 58494 212
58469 58471 152
58492 58498 57
58510 58560 112
58510 58560 245
58524 58573 103
58534 58559 127
58546 58570 129
58558 58586 187
58585 58612 251
58606 58616 294
58625 58674 25
58626 58631 115
58643 58664 132
58650 58675 46
58669 58712 29
58691 58734 128
58710 58722 258
58736 58775 296
58765 58785 139
58780 58810 215
58801 58829 121
58813 58833 217
58816 58832 62
58819 58828 107
58846 58892 103
58870 58910 32
58899 58910 171
58922 58965 152
58942 58987 69
58970 58983 206
58971 58974 103
58981 59026 215
58994 59019 217
59018 59042 135
59029 59076 100
59043 59087 212
59053 59084 200
59069 59119 266
59076 59115 128
59090 59104 134
59105 59148 115
59115 59149 16
59141 59186 118
59160 59210 232
59161 59166 211
59191 59195 176
59191 59210 46
59206 59243 253
59212 59250 181
59214 59253 233
59236 59260 105
59255 59281 66
59258 59285 249
59274 59317 201
59280 59325 39
59287 59289 82
59308 59334 102
59316 59353 258
59346 59388 226
59360 59407 270
59370 59371 257
59400 59438 79
59408 59441 103
59419 59428 1
59422 59446 110
59445 59481 6
59467 59481 73
59490 59539 71
59517 59559 94
59527 59573 162
59556 59559 108
59559 59592 53
59586 59593 39
59598 59610 85
59628 59634 50
59628 59644 183
59634 59662 102
59661 59710 276
59683 59729 40
59685 59706 45
59713 59722 225
59742 59788 188
59754 59786 264
59759 59806 100
59765 59815 24
59789 59813 75
59809 59822 152
59824 59826 141
59836 59884 202
59845 59893 222
59851 59897 248
59859 59867 150
59882 59901 101
59901 59914 197
59918 59932 217
59932 59948 164
59946 59950 138
59956 59997 72
59970 59992 90
60000 60021 181
60029 60071 121
60048 60050 181
60074 60108 38
60092 60137 59
60094 60117 96
60108 60125 133
60125 60171 165
60135 60171 4
60151 60158 66
60177 60213 89
60205 60218 241
60215 60248 275
60231 60240 287
60250 60257 178
60262 60309 15
60270 60280 212
60282 60283 125
60312 60324 280
60330 60370 70
60349 60393 47
60376 60378 189
60394 60437 83
60405 60429 124
60430 60464 107
60440 60458 99
60447 60497 222
60458 60478 34
60476 60495 171
60488 60495 79
60501 60525 72
60511 60552 202
60533 60567 91
60554 60563 2
60577 60597 254
60589 60595 84
60607 60647 221
60611 60616 162
60613 60659 99
60633 60642 265
60639 60650 219
60661 60694 19
60684 60722 229
60689 60709 167
60691 60736 94
60702 60720 240
60708 60723 271
60727 60747 258
60750 60765 173
60754 60768 231
60765 60786 33
60784 60791 180
60799 60812 134
60801 60843 8
60814 60858 174
60823 60840 88
60850 60852 202
60853 60855 243
60862 60869 195
60876 60909 76
60883 60893 248
60905 60927 23
60905 60943 60
60926 60952 298
60936 60940 88
60956 60957 54
60976 61003 40
60995 61026 84
61012 61028 271
61039 61081 299
61045 61063 290
61054 61094 44
61064 61094 34
61087 61123 284
61090 61132 25
61109 61110 138
61137 61152 194
61154 61165 241
61169 61200 236
61174 61211 96
61180 61190 67
61187 61205 267
61208 61227 136
61217 61226 169
61231 61266 173
61249 61255 89
61271 61277 132
61298 61311 41
61310 61329 228
61311 61321 230
61317 61319 52
61347 61384 180
61355 61391 34
61361 61373 264
61387 61403 69
61416 61438 96
61419 61453 192
61436 61485 74
61445 61479 126
61472 61513 214
61476 61507 234
61487 61507 90
61506 61510 242
61524 61566 284
61546 61585 41
61573 61621 273
61588 61630 277
61592 61626 122
61596 61644 246
61601 61642 175
61606 61651 103
61611 61613 111
61614 61630 113
61635 61645 170
61665 61702 234
61673 61682 187
61682 61693 266
61702 61718 5
61720 61728 18
61723 61734 19
61731 61764 209
61731 61743 225
61761 61783 244
61780 61810 116
61801 61820 192
61811 61814 91
61817 61861 191
61829 61872 279
61842 61888 262
61866 61905 180
61876 61912 4
61891 61905 76
61897 61899 74
61906 61938 112
61907 61916 267
61911 61939 10
61928 61949 237
61934 61960 273
61937 61952 45
61958 61965 72
61988 62013 157
62001 62020 167
62011 62023 275
62022 62065 200
62050 62097 282
62079 62087 159
62096 62142 179
62119 62135 80
62122 62134 99
62126 62129 264
62141 62171 12
62150 62165 137
62171 62183 263
62177 62186 136
62192 62199 129
62208 62243 197
62219 62224 278
62231 62243 234
62245 62252 188
62246 62274 99
62246 62285 68
62261 62289 281
62265 62300 280
62270 62272 211
62290 62303 127
62302 62333 15
62317 62347 178
62346 62354 81
62369 62386 240
62369 62370 71
62391 62400 100
62410 62420 155
62425 62442 126
62429 62446 291
62431 62474 246
62441 62466 290
62467 62474 234
62486 62506 167
62504 62539 20
62521 62547 236
62535 62559 206
62540 62568 1
62552 62575 221
62578 62586 11
62603 62616 126
62604 62653 285
62631 62676 53
62658 62698 47
62680 62693 32
62695 62715 148
62720 62753 80
62724 62740 73
62741 62781 293
62757 62775 120
62782 62801 156
62782 62811 10
62809 62840 148
62822 62846 14
62822 62835 153
62839 62886 50
62863 62886 273
62876 62913 255
62906 62952 22
62928 62947 272
62931 62950 235
62933 62951 181
62956 62974 285
62984 63016 263
63006 63028 51
63031 63035 144
63055 63088 193
63082 63132 168
63090 63126 11
63110 63116 59
63128 63150 154
63152 63181 226
63172 63219 182
63189 63230 295
63214 63258 227
63225 63231 180
63249 63293 125
63261 63280 28
63286 63320 180
63306 63338 139
63306 63348 274
63312 63341 109
63342 63374 172
63353 63394 297
63361 63399 56
63377 63402 48
63402 63448 188
63406 63431 90
63413 63416 249
63414 63453 109
63433 63458 189
63438 63470 202
63458 63502 295
63488 63502 202
63516 63561 40
63541 63586 178
63553 63555 245
63582 63623 55
63593 63642 87
63615 63658 64
63631 63652 3
63647 63662 71
63652 63701 112
63670 63678 232
63688 63701 186
63697 63712 219
63718 63733 241
63728 63744 171
63734 63754 227
63746 63773 165
63746 63749 277
63765 63775 51
63771 63797 77
63784 63786 284
63790 63834 78
63809 63858 300
63821 63847 275
63848 63894 232
63874 63920 39
63886 63917 134
63913 63948 39
63923 63949 131
63942 63958 76
63951 64001 116
63967 63984 16
63974 64012 22
63987 64006 138
64012 64045 92
64038 64046 43
64056 64100 113
64059 64067 4
64070 64116 72
64079 64105 251
64105 64106 111
64112 64121 114
64140 64169 185
64145 64189 40
64166 64212 163
64195 64196 279
64216 64263 99
64221 64267 166
64251 64265 286
64272 64306 189
64291 64333 214
64312 64324 179
64316 64361 181
64340 64343 171
64368 64395 94
64381 64390 132
64406 64423 201
64428 64468 296
64454 64477 208
64475 64515 25
64485 64525 221
64488 64490 104
64492 64512 86
64522 64526 254
64546 64571 96
64552 64594 158
64561 64600 191
64582 64630 7
64591 64605 161
64604 64612 67
64628 64636 199
64634 64658 174
64636 64676 248
64651 64665 86
64657 64689 275
64676 64720 47
64684 64695 73
64685 64731 266
64690 64727 176
64704 64742 55
64727 64737 267
64753 64791 135
64759 64804 64
64765 64810 35
64794 64828 40
64805 64820 243
64828 64877 251
64844 64885 95
64860 64867 235
64864 64870 65
64894 64895 230
64911 64922 196
64924 64931 283
64939 64977 30
64960 65004 171
64963 64968 201
64969 64987 77
64998 65021 90
65009 65028 255
65017 65023 213
65039 65057 6
65044 65078 106
65066 65099 189
65095 65105 83
65099 65145 69
65112 65113 119
65114 65115 104
65122 65160 47
65144 65160 42
65161 65189 270
65176 65200 158
65189 65209 265
65219 65236 196
65234 65236 299
65251 65287 299
65271 65286 127
65280 65281 140
65288 65290 293
65289 65325 261
65312 65316 153
65316 65339 292
65316 65330 274
65324 65368 129
65335 65360 279
65361 65405 86
65366 65413 163
65391 65417 108
65420 65468 112
65424 65452 93
65439 65475 178
65453 65455 142
65478 65509 300
65495 65524 123
65514 65520 199
65537 65554 22
65560 65591 175
65585 65593 83
65607 65609 299
65610 65617 179
65615 65636 30
65644 65647 10
65670 65681 20
65693 65735 62
65710 65743 202
65724 65748 166
65728 65769 132
65734 65744 143
65742 65778 200
65759 65809 254
65781 65817 239
65802 65822 74
65827 65849 64
65851 65880 206
65872 65918 32
65874 65914 27
65877 65901 80
65895 65917 168
65911 65919 164
65939 65946 161
65962 65998 48
65982 66011 221
65997 66036 190
66000 66011 162
66013 66030 204
66033 66051 164
66043 66050 87
66048 66077 146
66070 66088 108
66095 66096 151
66099 66126 257
66119 66139 110
66137 66166 172
66142 66146 96
66166 66192 102
66180 66221 154
66205 66231 100
66221 66257 187
66251 66283 254
66255 66294 199
66277 66278 2
66302 66350 95
66314 66329 209
66338 66352 207
66342 66370 138
66364 66396 300
66366 66389 51
66395 66438 128
66418 66425 214
66421 66436 294
66438 66447 48
66459 66468 223
66474 66522 55
66500 66505 8
66529 66574 62
66557 66583 267
66575 66576 244
66590 66592 166
66594 66620 162
66600 66635 10
66603 66637 198
66604 66644 249
66609 66648 222
66618 66660 201
66626 66627 110
66633 66655 93
66633 66634 208
66642 66689 244
66651 66682 264
66680 66686 273
66687 66712 118
66692 66701 140
66709 66728 37
66732 66742 244
66755 66776 268
66762 66800 58
66782 66804 220
66790 66818 75
66799 66829 123
66817 66843 158
66831 66834 233
66858 66865 25
66876 66881 267
66887 66920 184
66887 66910 164
66910 66933 69
66911 66918 142
66925 66967 295
66925 66927 195
66949 66961 108
66966 66975 248
66976 67018 178
66992 66993 179
67017 67040 102
67022 67051 237
67048 67086 20
67073 67123 219
67087 67101 6
67111 67153 150
67134 67166 120
67153 67168 197
67156 67184 106
67167 67183 269
67183 67202 22
67188 67226 117
67202 67241 89
67212 67218 265
67221 67237 90
67241 67270 253
67245 67255 221
67247 67272 158
67250 67283 49
67280 67302 267
67303 67320 92
67330 67370 271
67330 67354 274
67358 67362 193
67361 67365 16
67380 67389 42
67382 67388 75
67391 67412 153
67401 67409 31
67415 67420 17
67417 67449 75
67429 67447 58
67429 67456 123
67431 67442 244
67433 67457 254
67439 67474 51
67440 67480 79
67444 67454 148
67469 67511 265
67498 67546 137
67498 67517 67
67509 67533 71
67511 67515 172
67512 67562 258
67513 67516 170
67522 67570 77
67537 67563 204
67560 67567 235
67561 67566 96
67584 67592 49
67594 67618 222
67608 67622 110
67609 67644 150
67625 67654 123
67629 67659 11
67634 67651 34
67651 67701 290
67656 67660 165
67657 67686 250
67663 67709 291
67663 67675 123
67677 67726 19
67689 67692 80
67708 67734 254
67731 67761 217
67733 67739 268
67754 67790 126
67784 67810 205
67786 67824 275
67794 67834 138
67818 67838 169
67833 67857 167
67849 67873 92
67878 67880 7
67885 67915 204
67908 67926 223
67919 67944 232
67946 67963 263
67956 67977 197
67964 67999 258
67992 68003 178
68013 68026 92
68032 68043 19
68044 68047 77
68065 68080 75
68090 68109 274
68110 68121 54
68117 68124 250
68146 68151 145
68172 68222 94
68191 68220 148
68207 68237 66
68217 68254 40
68238 68256 221
68258 68301 183
68269 68287 294
68279 68285 219
68298 68329 15
68319 68367 250
68319 68351 181
68320 68323 143
68325 68362 217
68328 68332 199
68352 68375 18
68363 68411 219
68389 68430 159
68409 68410 149
68415 68431 4
68444 68486 61
68455 68478 67
68482 68515 51
68511 68555 130
68538 68565 40
68553 68558 201
68559 68600 24
68569 68605 277
68569 68587 111
68576 68611 55
68579 68624 50
68609 68611 197
68631 68677 127
68657 68675 15
68669 68674 117
68694 68719 186
68694 68725 118
68698 68721 6
68714 68748 196
68739 68746 36
68762 68794 180
68787 68790 267
68807 68834 299
68826 68857 261
68829 68833 35
68834 68871 37
68847 68869 239
68861 68901 228
68877 68919 84
68891 68912 111
68916 68924 243
68938 68968 293
68964 68994 191
68994 69031 262
69022 69049 284
69039 69076 92
69063 69088 219
69082 69103 111
69109 69131 295
69139 69185 149
69156 69199 21
69159 69160 14
69187 69220 176
69203 69213 234
69217 69230 284
69239 69240 154
69244 69274 58
69270 69313 208
69295 69344 97
69316 69317 251
69322 69341 100
69347 69357 68
69355 69366 246
69361 69365 99
69367 69415 86
69395 69436 298
69414 69415 115
69429 69457 251
69458 69466 228
69482 69517 193
69483 69510 8
69490 69532 135
69515 69549 99
69537 69542 213
69542 69559 3
69556 69578 277
69571 69575 298
69600 69609 9
69616 69654 262
69620 69669 51
69621 69658 67
69630 69658 150
69631 69642 30
69655 69699 129
69655 69686 288
69661 69676 62
69688 69689 258
69710 69747 263
69733 69736 248
69750 69752 30
69767 69778 26
69767 69813 4
69771 69814 126
69778 69805 177
69785 69811 240
69810 69838 150
69832 69851 292
69852 69864 113
69860 69865 140
69878 69923 137
69904 69945 198
69922 69956 240
69952 69985 82
69965 69973 6
69995 70043 49
70012 70046 250
70039 70067 242
70060 70077 50
70070 70103 109
70073 70123 202
70093 70108 257
70107 70153 177
70137 70181 243
70139 70162 258
70148 70162 42
70171 70205 210
70180 70202 68
70188 70223 95
70193 70223 163
70218 70265 69
70234 70252 67
70258 70290 217
70284 70328 28
70304 70340 248
70311 70359 37
70341 70369 218
70360 70385 98
70360 70371 176
70373 70381 107
70379 70401 255
70383 70425 196
70406 70408 76
70408 70427 203
70412 70433 215
70420 70461 65
70438 70452 200
70442 70472 123
70472 70508 241
70497 70526 77
70499 70509 143
70519 70533 266
70528 70566 127
70541 70567 163
70546 70552 130
70547 70595 102
70560 70573 241
70572 70582 158
70594 70624 30
70610 70612 18
70615 70655 108
70615 70630 77
70645 70678 192
70666 70697 275
70695 70724 283
70724 70747 249
70739 70785 207
70741 70754 102
70765 70799 264
70778 70817 262
70796 70799 181
70805 70854 158
70811 70820 127
70830 70844 66
70838 70857 123
70861 70870 298
70869 70918 28
70873 70919 179
70878 70888 143
70900 70949 133
70906 70910 144
70907 70909 117
70913 70937 211
70917 70955 280
70920 70960 8
70930 70973 226
70944 70991 35
70974 71018 25
70987 70993 135
71008 71026 145
71009 71022 274
71028 71062 49
71043 71052 105
71058 71060 147
71077 71117 70
71078 71103 109
71080 71095 171
71085 71107 77
71098 71102 167
71116 71125 227
71125 71151 58
71145 71152 263
71145 71159 79
71149 71156 65
71162 71168 61
71191 71202 253
71192 71208 68
71195 71220 27
71210 71229 211
71228 71278 68
71257 71262 102
71277 71317 104
71291 71341 10
71319 71336 61
71327 71361 145
71337 71386 48
71351 71368 25
71374 71375 49
71401 71418 167
71429 71468 118
71430 71447 278
71449 71485 149
71460 71463 176
71462 71480 163
71485 71535 206
71507 71511 46
71531 71550 67
71547 71595 31
71553 71600 142
71553 71566 249
71575 71613 295
71586 71624 13
71599 71605 185
71629 71677 119
71635 71658 34
71644 71684 56
71646 71684 135
71655 71666 86
71685 71703 246
71709 71746 99
71731 71755 160
71754 71758 63
71758 71772 180
71767 71783 131
71785 71788 36
71814 71858 26
71826 71846 34
71856 71899 126
71881 71904 289
71898 71943 39
71907 71943 39
71926 71947 212
71933 71957 101
71939 71962 164
71947 71983 223
71961 72006 17
71981 71997 81
72003 72022 282
72004 72043 276
72028 72073 102
72043 72052 131
72068 72073 143
72068 72098 147
72071 72114 43
72085 72095 93
72096 72115 44
72110 72117 115
72122 72129 264
72148 72194 241
72161 72177 222
72188 72226 195
72204 72235 104
72211 72231 55
72235 72276 14
72236 72274 188
72242 72272 46
72243 72254 297
72243 72259 296
72267 72287 263
72297 72302 131
72314 72343 189
72322 72351 30
72350 72379 136
72369 72383 49
72376 72381 185
72393 72402 244
72415 72436 279
72445 72485 199
72463 72496 127
72473 72507 156
72495 72511 162
72523 72568 146
72527 72544 91
72530 72556 24
72536 72563 36
72549 72573 222
72557 72584 3
72581 72585 240
72581 72602 77
72602 72623 194
72603 72640 262
72625 72662 82
72655 72671 222
72682 72717 300
72702 72712 228
72724 72743 190
72738 72782 89
72766 72811 165
72793 72798 130
72801 72812 168
72816 72846 299
72830 72865 277
72857 72904 135
72882 72914 10
72911 72914 178
72932 72949 299
72932 72980 46
72944 72986 290
72944 72955 28
72974 72978 295
72996 73019 59
73020 73053 147
73020 73041 259
73026 73060 84
73037 73075 290
73062 73081 83
73078 73085 192
73091 73137 91
73091 73116 74
73097 73126 146
73103 73151 112
73116 73128 180
73124 73142 296
73128 73178 293
73151 73200 14
73164 73167 46
73174 73192 24
73191 73233 65
73195 73222 168
73212 73215 21
73220 73262 114
73244 73281 50
73265 73282 273
73287 73295 180
73311 73329 275
73328 73378 80
73330 73345 146
73356 73377 119
73356 73392 34
73372 73398 171
73381 73385 265
73411 73413 244
73425 73467 6
73454 73462 139
73469 73499 272
73476 73477 24
73481 73506 91
73507 73538 212
73520 73528 36
73528 73572 129
73532 73557 196
73535 73536 281
73539 73585 206
73546 73564 82
73566 73596 165
73566 73587 151
73577 73581 95
73602 73630 76
73624 73633 59
73625 73639 138
73638 73685 126
73645 73671 50
73652 73657 172
73657 73669 24
73680 73716 85
73685 73706 181
73688 73723 98
73705 73717 104
73733 73743 78
73734 73766 166
73735 73751 93
73764 73774 134
73775 73824 227
73792 73828 119
73797 73845 75
73807 73820 6
73821 73868 48
73851 73874 183
73880 73881 17
73909 73948 109
73913 73928 104
73942 73988 178
73968 73970 284
73985 74012 17
74012 74025 212
74014 74040 189
74023 74050 24
74034 74052 161
74058 74081 277
74070 74076 292
74073 74105 163
74077 74081 87
74107 74150 286
74113 74154 6
74131 74179 41
74151 74163 297
74173 74218 170
74194 74197 62
74204 74211 81
74215 74252 291
74218 74261 234
74246 74253 166
74276 74299 187
74277 74292 252
74295 74337 29
74302 74329 267
74313 74328 78
74313 74332 16
74324 74354 3
74348 74376 11
74367 74402 89
74396 74443 117
74399 74423 118
74415 74443 18
74431 74432 207
74436 74456 245
74458 74488 84
74469 74480 257
74498 74523 193
74515 74544 156
74517 74539 231
74543 74547 213
74545 74574 183
74575 74622 214
74591 74633 67
74596 74626 190
74603 74604 95
74627 74653 8
74645 74695 82
74646 74670 205
74667 74695 59
74687 74691 113
74705 74721 259
74712 74744 284
74734 74780 9
74745 74792 253
74769 74802 167
74795 74811 171
74818 74847 108
74840 74875 251
74841 74877 169
74849 74855 180
74877 74910 299
74905 74927 175
74909 74925 216
74928 74971 269
74929 74931 281
74931 74949 35
74944 74963 187
74959 74982 236
74982 75012 129
74984 75015 157
74993 75018 104
75011 75052 81
75022 75035 27
75044 75051 205
75069 75100 223
75075 75113 221
75079 75118 215
75099 75133 241
75108 75127 255
75138 75157 9
75152 75196 280
75180 75181 46
75199 75203 7
75208 75248 295
75237 75268 287
75246 75286 15
75271 75280 212
75297 75325 46
75308 75354 85
75324 75344 8
75338 75339 169
75341 75342 55
75371 75380 241
75385 75396 57
75405 75409 2
75432 75464 223
75450 75482 184
75472 75494 268
75483 75521 214
75495 75517 238
75503 75513 41
75516 75544 21
75530 75545 178
75545 75568 252
75546 75565 60
75566 75598 300
75584 75604 159
75588 75620 18
75608 75635 111
75614 75651 121
75619 75652 59
75629 75677 90
75644 75677 14
