5000
23 32 248
26 32 263
49 83 27
70 104 59
88 132 256
92 139 263
100 138 267
125 175 121
141 188 212
145 175 175
154 170 275
161 190 114
180 210 137
190 238 170
200 202 216
202 222 253
204 243 244
221 255 252
221 244 3
229 242 175
253 278 97
259 281 115
283 291 162
285 330 166
296 309 184
304 343 277
307 338 24
310 360 46
331 338 298
339 365 151
350 385 58
379 389 182
406 413 17
413 463 116
432 461 24
457 482 158
475 481 270
502 512 279
530 538 98
557 581 185
575 617 256
602 640 285
611 613 192
630 665 152
660 695 108
679 691 287
697 706 248
701 715 177
711 731 131
711 713 171
733 741 229
763 796 104
772 779 182
773 816 121
777 811 246
807 839 115
834 869 12
864 905 113
889 901 188
903 937 190
915 948 134
917 947 175
945 961 299
952 956 70
980 1017 212
992 1025 187
1004 1015 124
1023 1073 6
1030 1058 164
1046 1090 49
1064 1112 61
1064 1078 222
1073 1106 182
1073 1090 190
1077 1096 298
1100 1140 144
1102 1107 111
1120 1157 251
1145 1186 86
1175 1181 265
1195 1201 199
1218 1233 58
1228 1272 202
1240 1287 223
1268 1272 219
1287 1312 236
1310 1356 126
1310 1311 291
1339 1350 211
1359 1405 124
1372 1387 171
1373 1409 67
1399 1438 177
1423 1467 254
1451 1497 126
1470 1492 44
1487 1497 3
1491 1501 187
1491 1502 207
1518 1554 299
1526 1564 297
1548 1566 266
1549 1571 143
1577 1604 64
1598 1608 217
1619 1637 155
1640 1647 163
1650 1671 283
1675 1684 136
1687 1718 258
1701 1741 236
1719 1745 2
1749 1791 101
1769 1780 203
1777 1821 102
1798 1847 170
1811 1829 198
1818 1842 153
1835 1846 3
1846 1851 163
1867 1911 124
1886 1908 56
1909 1913 125
1938 1962 1
1939 1942 174
1944 1970 207
1972 1986 35
1998 2044 239
2022 2035 53
2050 2073 260
2067 2114 225
2092 2130 229
2105 2133 283
2135 2162 289
2140 2172 134
2168 2195 155
2188 2208 41
2211 2236 27
2214 2246 258
2235 2249 165
2247 2253 13
2250 2269 124
2252 2289 252
2281 2323 239
2290 2291 61
2311 2337 42
2340 2364 9
2352 2382 297
2366 2379 296
2386 2411 82
2396 2400 158
2398 2431 96
2401 2415 198
2411 2438 232
2435 2476 67
2443 2451 140
2445 2452 274
2458 2503 83
2462 2482 99
2487 2515 264
2494 2498 211
2516 2561 30
2517 2557 105
2531 2539 203
2556 2598 166
2585 2606 7
2608 2613 3
2621 2670 297
2642 2659 42
2652 2666 206
2680 2714 237
2701 2713 175
2719 2735 167
2722 2723 205
2728 2749 161
2744 2792 287
2762 2778 298
2765 2811 257
2767 2809 51
2777 2825 223
2781 2793 89
2782 2800 272
2811 2813 95
2839 2880 246
2859 2871 231
2869 2906 29
2872 2916 111
2882 2925 31
2906 2925 259
2906 2948 207
2936 2975 268
2962 3006 294
2980 2989 178
2995 3023 187
3011 3021 19
3024 3064 136
3026 3047 14
3030 3044 233
3051 3095 159
3065 3102 139
3088 3138 80
3099 3129 257
3117 3156 36
3127 3138 182
3135 3180 74
3140 3147 250
3156 3186 208
3157 3206 227
3184 3202 265
3205 3228 283
3232 3247 63
3256 3259 92
3281 3296 195
3292 3335 7
3298 3322 116
3299 3323 296
3307 3316 203
3319 3361 155
3325 3346 84
3346 3394 152
3353 3364 8
3377 3385 83
3378 3380 176
3379 3420 41
3407 3457 195
3425 3455 217
3432 3467 63
3457 3467 262
3461 3492 10
3475 3490 242
3480 3530 47
3503 3542 294
3528 3537 236
3547 3593 160
3571 3579 147
3601 3630 103
3628 3644 72
3641 3677 56
3666 3684 20
3688 3736 46
3689 3709 64
3719 3760 172
3732 3739 262
3732 3736 155
3748 3767 225
3761 3808 155
3780 3812 5
3809 3814 8
3809 3813 112
3836 3838 170
3858 3902 44
3876 3911 273
3885 3886 297
3887 3929 178
3903 3932 152
3913 3948 145
3930 3971 188
3959 3996 87
3983 4016 202
3991 3996 128
4011 4046 188
4020 4036 155
4028 4062 205
4052 4063 100
4082 4085 256
4096 4118 277
4122 4157 143
4143 4169 42
4143 4175 47
4153 4193 262
4177 4205 31
4199 4214 103
4218 4265 293
4219 4246 95
4239 4276 9
4240 4246 48
4250 4274 102
4260 4263 298
4275 4281 285
4302 4328 253
4314 4331 63
4332 4369 285
4362 4394 5
4389 4431 164
4414 4426 44
4426 4472 85
4433 4455 28
4440 4477 221
4459 4492 206
4466 4501 248
4481 4498 159
4489 4497 289
4503 4539 204
4531 4572 246
4547 4556 91
4558 4572 279
4572 4610 285
4589 4604 94
4606 4616 174
4629 4667 281
4629 4649 294
4631 4668 234
4638 4642 14
4642 4649 127
4648 4656 14
4664 4708 276
4672 4719 295
4685 4713 209
4706 4714 167
4731 4747 217
4740 4753 15
4759 4778 87
4779 4820 236
4802 4834 243
4816 4818 206
4839 4851 35
4841 4883 272
4851 4888 266
4866 4898 22
4895 4922 49
4898 4927 280
4912 4930 228
4929 4979 115
4944 4948 107
4966 4985 131
4967 5014 198
4986 5024 118
4988 5023 80
4996 5029 152
5023 5024 103
5032 5048 223
5034 5035 33
5041 5044 122
5044 5091 26
5060 5101 130
5086 5123 216
5110 5141 70
5136 5143 226
5152 5188 251
5157 5166 45
5169 5214 261
5174 5202 185
5200 5215 160
5218 5227 115
5221 5271 158
5244 5281 85
5260 5295 230
5262 5306 113
5274 5302 94
5301 5326 144
5327 5354 215
5342 5383 195
5347 5393 141
5365 5403 200
5376 5384 253
5395 5428 117
5407 5448 165
5414 5450 281
5442 5484 64
5459 5500 103
5471 5516 53
5483 5514 37
5505 5507 156
5521 5526 293
5527 5562 217
5549 5591 225
5565 5576 209
5589 5607 174
5594 5615 31
5607 5655 44
5612 5623 245
5624 5653 252
5634 5643 24
5651 5660 131
5664 5695 66
5693 5734 264
5703 5720 73
5728 5743 52
5736 5748 181
5738 5782 41
5745 5782 226
5766 5798 51
5772 5778 66
5797 5837 244
5822 5839 157
5836 5865 198
5841 5865 276
5865 5888 86
5880 5898 240
5908 5937 43
5930 5970 157
5936 5958 154
5961 6003 298
5975 6006 185
5977 5984 268
5991 6009 73
6018 6043 60
6048 6072 160
6073 6097 7
6084 6096 32
6104 6136 5
6127 6138 36
6149 6196 19
6153 6185 127
6176 6192 198
6203 6244 198
6230 6241 210
6236 6257 276
6253 6271 100
6273 6299 129
6278 6327 256
6290 6320 265
6314 6322 244
6332 6336 167
6350 6367 150
6373 6394 149
6374 6392 268
6383 6425 85
6405 6417 57
6435 6469 142
6455 6460 72
6467 6502 279
6474 6515 300
6480 6483 47
6485 6495 122
6503 6534 120
6528 6557 143
6551 6581 189
6554 6601 49
6579 6608 222
6586 6600 258
6590 6592 43
6611 6637 58
6639 6649 212
6666 6695 96
6683 6689 126
6693 6727 95
6705 6709 160
6728 6772 135
6734 6776 33
6739 6772 254
6757 6761 55
6761 6766 85
6773 6783 118
6784 6834 231
6814 6834 269
6817 6820 162
6824 6846 275
6836 6874 41
6861 6874 265
6884 6897 290
6902 6914 181
6930 6959 215
6953 6990 292
6978 6979 153
6986 7015 85
7003 7031 43
7032 7038 176
7061 7069 121
7061 7089 178
7066 7067 283
7075 7115 11
7093 7132 6
7101 7107 42
7131 7147 99
7143 7184 195
7164 7195 45
7166 7208 133
7174 7224 82
7181 7193 200
7208 7239 46
7229 7272 181
7229 7258 152
7236 7281 131
7255 7298 249
7284 7310 260
7284 7301 17
7295 7322 82
7318 7326 64
7331 7374 138
7361 7366 146
7361 7389 216
7364 7398 219
7376 7410 131
7397 7443 41
7397 7443 280
7413 7428 155
7442 7466 70
7464 7491 59
7464 7485 45
7494 7511 274
7500 7532 43
7506 7555 280
7523 7561 4
7525 7567 147
7546 7589 298
7549 7585 247
7573 7616 241
7600 7605 28
7620 7647 107
7627 7657 13
7633 7679 82
7648 7673 12
7648 7696 241
7675 7700 279
7692 7708 263
7715 7757 131
7731 7755 82
7744 7776 291
7748 7776 59
7762 7800 67
7791 7822 225
7797 7800 300
7797 7840 61
7807 7821 5
7824 7873 195
7824 7831 254
7853 7879 87
7881 7906 290
7903 7947 52
7922 7960 223
7942 7963 116
7968 7991 20
7994 8044 250
8018 8048 129
8038 8052 297
8062 8073 86
8081 8104 52
8102 8126 242
8113 8122 52
8134 8140 251
8138 8176 141
8159 8169 9
8173 8207 133
8181 8189 71
8199 8215 111
8204 8214 131
8207 8213 136
8215 8264 131
8229 8256 211
8242 8250 260
8267 8301 156
8281 8304 7
8302 8304 66
8312 8326 191
8313 8358 174
8343 8378 235
8358 8368 49
8364 8410 203
8369 8414 166
8386 8418 205
8394 8400 262
8421 8425 251
8433 8482 255
8463 8508 71
8490 8526 114
8506 8539 240
8527 8553 215
8554 8583 133
8574 8610 48
8580 8603 207
8598 8602 86
8621 8655 160
8646 8662 3
8664 8676 77
8686 8698 289
8702 8709 148
8706 8718 203
8726 8739 287
8749 8767 122
8759 8772 176
8788 8828 284
8811 8822 115
8812 8833 297
8812 8822 203
8834 8866 224
8843 8888 221
8851 8893 194
8853 8861 298
8872 8921 228
8878 8882 258
8895 8911 59
8920 8929 133
8946 8949 35
8965 8979 27
8978 9001 57
8987 9018 161
9000 9010 297
9025 9032 191
9049 9052 247
9070 9107 24
9076 9097 276
9083 9115 118
9106 9143 95
9118 9137 185
9122 9147 279
9129 9153 153
9150 9182 260
9176 9178 107
9187 9188 243
9195 9222 138
9223 9233 44
9251 9277 286
9253 9261 48
9259 9273 172
9261 9302 16
9277 9298 174
9292 9336 80
9318 9326 7
9346 9352 104
9346 9387 20
9364 9372 99
9382 9423 60
9382 9404 176
9400 9417 218
9419 9456 59
9420 9443 65
9426 9442 80
9444 9467 148
9474 9512 226
9483 9529 76
9508 9525 261
9537 9578 63
9564 9605 197
9583 9622 20
9611 9640 129
9638 9675 32
9664 9677 16
9664 9688 271
9681 9700 154
9693 9699 226
9704 9745 259
9708 9732 236
9724 9771 248
9735 9760 61
9739 9745 203
9743 9765 273
9752 9753 264
9757 9758 149
9773 9821 166
9797 9842 228
9823 9851 252
9835 9836 1
9861 9909 27
9873 9900 120
9876 9892 226
9877 9900 217
9904 9950 48
9906 9916 64
9932 9941 99
9940 9966 77
9949 9996 205
9956 9990 37
9985 10025 68
10011 10045 185
10040 10072 136
10064 10103 153
10083 10119 293
10089 10096 218
10108 10138 224
10136 10172 136
10150 10176 89
10155 10201 286
10158 10182 99
10179 10190 135
10203 10232 36
10212 10249 240
10224 10266 243
10247 10255 172
10260 10272 244
10273 10299 241
10300 10338 154
10303 10317 96
10333 10376 61
10333 10366 173
10350 10361 208
10363 10386 270
10386 10408 121
10387 10407 74
10407 10442 97
10429 10471 293
10432 10463 27
10460 10487 284
10462 10507 225
10488 10527 283
10515 10555 261
10520 10548 179
10543 10552 123
10552 10593 158
10553 10581 76
10582 10611 139
10588 10632 279
10597 10635 119
10604 10613 3
10617 10665 243
10642 10681 146
10657 10687 261
10670 10697 9
10679 10711 20
10689 10706 211
10699 10719 247
10709 10732 24
10710 10732 60
10716 10734 13
10740 10780 296
10761 10764 198
10787 10831 137
10791 10799 189
10808 10811 62
10826 10869 286
10851 10895 77
10852 10869 118
10857 10886 247
10877 10900 174
10904 10930 128
10925 10927 91
10942 10956 281
10942 10974 119
10954 10974 61
10957 10988 245
10960 10981 11
10990 10998 71
10990 11009 80
10997 11014 104
11010 11035 76
11015 11056 87
11037 11059 260
11048 11092 45
11066 11102 66
11096 11125 270
11106 11116 40
11126 11139 245
11142 11170 133
11165 11201 15
11178 11213 27
11180 11193 183
11185 11233 96
11214 11240 116
11235 11267 209
11247 11274 108
11258 11280 93
11271 11298 222
11297 11323 154
11313 11337 141
11343 11375 12
11367 11399 17
11388 11402 177
11388 11412 203
11405 11408 64
11415 11458 239
11435 11461 139
11452 11492 58
11457 11491 229
11457 11505 43
11464 11504 2
11472 11511 195
11484 11531 229
11513 11539 144
11522 11528 153
11538 11573 53
11560 11583 67
11588 11627 239
11595 11614 222
11623 11628 287
11623 11656 77
11634 11636 33
11634 11673 299
11637 11649 60
11651 11698 115
11657 11669 31
11669 11678 272
11685 11712 233
11702 11751 105
11716 11757 39
11716 11759 297
11742 11746 9
11761 11789 60
11761 11793 252
11767 11799 71
11794 11826 11
11799 11832 32
11823 11866 221
11853 11893 105
11854 11891 210
11873 11886 137
11877 11884 1
11903 11945 217
11929 11973 291
11930 11960 54
11930 11963 87
11958 11970 240
11987 12022 266
11988 11998 285
11993 12033 148
12003 12013 194
12031 12033 182
12056 12066 283
12056 12106 192
12082 12096 204
12110 12119 299
12119 12121 228
12119 12121 174
12123 12159 138
12134 12162 24
12138 12171 31
12140 12188 153
12140 12165 253
12161 12167 147
12174 12184 235
12184 12211 133
12198 12219 147
12200 12242 229
12220 12226 294
12246 12262 98
12270 12291 44
12282 12287 13
12301 12329 194
12303 12338 5
12304 12348 123
12330 12353 172
12359 12392 56
12382 12403 77
12410 12457 262
12416 12424 259
12423 12464 184
12429 12440 110
12439 12488 225
12465 12513 299
12473 12495 80
12500 12513 150
12529 12548 15
12537 12567 162
12537 12587 221
12543 12561 99
12544 12586 224
12545 12548 247
12569 12586 144
12578 12623 158
12591 12600 243
12616 12634 290
12625 12635 108
12628 12633 195
12657 12666 138
12678 12702 184
12695 12700 173
12722 12768 67
12727 12774 67
12757 12801 6
12787 12788 18
12815 12829 24
12840 12885 44
12843 12877 215
12852 12882 128
12868 12918 50
12891 12928 272
12892 12936 233
12915 12921 146
12916 12919 295
12940 12948 93
12940 12989 213
12953 12989 258
12968 12979 277
12989 13021 194
13001 13029 62
13006 13039 178
13036 13057 8
13041 13052 53
13049 13070 18
13054 13067 19
13067 13082 124
13070 13073 22
13085 13099 16
13099 13117 165
13100 13135 32
13101 13144 123
13107 13149 183
13118 13131 279
13141 13167 292
13153 13181 142
13173 13207 241
13179 13189 259
13183 13185 167
13190 13238 103
13213 13218 18
13221 13232 6
13226 13275 1
13254 13259 156
13259 13283 157
13274 13276 232
13297 13315 146
13327 13350 169
13329 13348 84
13337 13364 299
13350 13383 85
13354 13376 160
13365 13381 289
13368 13406 142
13382 13400 209
13385 13401 15
13406 13442 197
13430 13447 6
13436 13460 268
13453 13498 290
13483 13484 158
13511 13561 163
13540 13549 70
13547 13591 200
13575 13617 102
13605 13631 148
13623 13632 121
13630 13660 44
13657 13702 285
13664 13705 1
13689 13729 292
13695 13743 287
13710 13747 277
13710 13742 241
13739 13777 206
13747 13782 104
13775 13820 24
13798 13836 283
13807 13839 236
13818 13841 167
13845 13879 180
13858 13870 277
13875 13907 279
13897 13929 179
13908 13929 294
13929 13979 256
13949 13982 3
13970 13989 274
13988 13998 254
14006 14020 171
14008 14055 1
14033 14047 103
14059 14081 115
14059 14093 67
14077 14107 147
14080 14085 149
14101 14150 202
14128 14139 14
14141 14175 154
14149 14194 3
14158 14189 158
14183 14190 70
14196 14213 129
14212 14218 137
14217 14229 108
14234 14258 223
14244 14248 300
14258 14261 264
14272 14320 196
14279 14294 272
14301 14315 240
14304 14352 52
14308 14322 249
14324 14367 2
14324 14342 56
14348 14375 38
14357 14392 120
14369 14412 121
14395 14398 189
14422 14470 182
14448 14496 98
14465 14507 264
14479 14496 186
14490 14531 20
14508 14527 156
14536 14561 150
14562 14576 184
14584 14615 201
14590 14601 104
14601 14621 20
14612 14654 21
14640 14678 291
14665 14712 141
14688 14731 9
14690 14701 203
14703 14712 151
14723 14727 119
14732 14768 140
14743 14764 145
14754 14776 64
14774 14800 105
14786 14835 121
14800 14848 210
14807 14815 143
14832 14882 292
14844 14874 65
14849 14880 86
14850 14893 246
14862 14908 155
14863 14910 220
14870 14901 38
14887 14906 283
14888 14938 158
14896 14918 171
14899 14924 104
14925 14963 163
14948 14996 19
14956 14994 12
14973 14993 16
14990 15037 155
15018 15034 225
15021 15069 61
15046 15084 24
15076 15119 31
15105 15127 157
15135 15181 3
15141 15188 38
15156 15176 222
15184 15193 249
15187 15193 35
15187 15229 195
15198 15242 131
15221 15260 236
15231 15258 62
15246 15291 249
15275 15322 195
15289 15296 22
15296 15319 69
15324 15334 173
15354 15363 223
15361 15368 293
15380 15418 60
15407 15411 62
15413 15458 118
15438 15484 139
15456 15463 216
15462 15467 118
15483 15509 245
15498 15545 98
15521 15539 79
15544 15545 269
15552 15602 133
15556 15568 123
15559 15593 213
15565 15613 128
15583 15587 61
15599 15629 231
15621 15624 145
15636 15676 300
15659 15706 286
15659 15699 248
15679 15705 63
15700 15743 78
15711 15728 42
15730 15768 252
15751 15763 195
15768 15789 235
15774 15808 246
15798 15811 58
15812 15848 118
15836 15884 60
15838 15862 171
15849 15850 88
15865 15881 49
15866 15869 142
15878 15919 63
15881 15883 89
15902 15949 117
15902 15950 90
15916 15965 54
15916 15961 186
15938 15987 120
15940 15943 220
15948 15949 63
15951 15952 205
15951 15959 102
15974 16009 224
15978 15990 236
16006 16010 107
16022 16027 69
16032 16042 97
16034 16064 287
16052 16085 179
16078 16084 191
16093 16128 208
16105 16114 21
16122 16132 144
16128 16173 194
16134 16171 118
16161 16207 269
16183 16209 294
16196 16227 27
16200 16249 98
16206 16208 185
16217 16253 47
16239 16266 291
16256 16292 273
16262 16271 156
16288 16301 165
16296 16337 114
16296 16340 121
16301 16334 123
16315 16323 90
16315 16333 222
16323 16327 205
16332 16375 250
16357 16389 228
16377 16402 290
16381 16408 5
16399 16440 45
16400 16446 2
16430 16440 145
16438 16476 140
16450 16465 34
16466 16508 49
16495 16528 95
16507 16545 173
16532 16568 289
16547 16590 17
16577 16626 246
16585 16620 162
16587 16616 266
16614 16620 246
16625 16634 71
16644 16655 251
16652 16666 29
16661 16672 141
16691 16692 58
16716 16742 193
16744 16777 19
16754 16788 73
16767 16812 124
16775 16811 219
16781 16793 110
16810 16848 40
16823 16872 188
16832 16868 122
16856 16859 105
16885 16907 160
16910 16915 125
16919 16932 37
16928 16944 178
16934 16956 225
16939 16948 248
16968 16987 181
16988 17029 240
17016 17040 169
17044 17087 236
17054 17071 121
17083 17121 197
17113 17155 180
17118 17124 255
17134 17167 251
17158 17170 284
17183 17218 249
17213 17235 140
17217 17218 136
17232 17235 126
17238 17272 50
17254 17259 275
17278 17301 141
17308 17320 239
17332 17349 213
17333 17342 202
17345 17393 95
17353 17384 46
17358 17401 94
17374 17417 18
17399 17441 189
17411 17445 240
17423 17456 227
17429 17455 30
17458 17499 258
17487 17507 162
17509 17514 111
17538 17557 127
17563 17581 106
17587 17590 71
17589 17637 76
17612 17652 212
17619 17655 197
17630 17656 137
17659 17669 34
17664 17698 178
17664 17703 189
17683 17686 197
17708 17715 133
17737 17786 236
17740 17742 207
17742 17788 75
17742 17766 134
17753 17773 58
17771 17796 143
17795 17841 46
17811 17830 277
17822 17871 287
17847 17849 68
17869 17872 158
17878 17890 284
17882 17905 120
17897 17929 270
17912 17943 294
17938 17977 28
17955 17956 97
17955 17978 40
17961 17974 192
17978 18010 73
17989 18034 94
18004 18042 133
18032 18080 285
18044 18088 130
18065 18095 166
18066 18086 144
18066 18112 162
18093 18113 134
18118 18161 177
18143 18169 91
18156 18185 237
18184 18216 110
18205 18210 116
18217 18266 127
18227 18272 13
18230 18277 187
18235 18237 247
18258 18282 204
18269 18279 125
18282 18295 232
18295 18322 64
18315 18317 136
18333 18361 159
18356 18379 151
18384 18400 15
18396 18437 175
18404 18450 19
18434 18484 96
18445 18447 181
18457 18481 5
18472 18521 92
18481 18496 91
18482 18495 13
18509 18541 17
18539 18543 289
18545 18592 44
18547 18592 97
18576 18579 188
18594 18639 176
18619 18655 269
18648 18668 282
18675 18685 103
18691 18733 9
18696 18724 239
18700 18707 279
18705 18734 57
18727 18772 171
18733 18742 226
18744 18748 41
18758 18763 188
18786 18801 230
18787 18816 46
18811 18828 58
18831 18852 164
18840 18844 235
18850 18870 118
18869 18906 138
18875 18887 141
18885 18895 112
18912 18935 209
18922 18944 204
18944 18978 162
18955 18973 277
18970 19019 214
18975 19003 82
19003 19006 166
19019 19023 300
19035 19074 64
19046 19074 209
19064 19069 152
19088 19127 132
19095 19111 57
19114 19158 29
19122 19159 154
19151 19198 222
19160 19175 53
19187 19201 244
19217 19256 198
19238 19247 153
19262 19307 243
19263 19274 61
19279 19290 190
19279 19287 103
19305 19346 162
19330 19341 28
19355 19396 53
19368 19400 124
19392 19429 79
19416 19451 127
19427 19447 61
19453 19465 262
19453 19490 144
19470 19494 95
19498 19542 219
19513 19560 268
19514 19563 294
19540 19575 8
19561 19611 170
19567 19615 196
19578 19580 80
19606 19609 173
19634 19668 107
19654 19665 252
19683 19722 11
19700 19748 43
19723 19756 224
19726 19753 253
19726 19742 298
19732 19749 185
19745 19787 280
19758 19785 223
19767 19771 271
19785 19792 280
19788 19805 279
19788 19826 34
19818 19827 82
19825 19844 299
19845 19848 241
19870 19906 276
19898 19947 7
19928 19932 191
19941 19956 170
19962 19969 79
19977 20010 273
19977 20017 63
19982 20000 93
19991 20021 168
19995 20032 29
20016 20033 196
20037 20063 216
20054 20080 280
20083 20084 220
20083 20112 21
20089 20124 147
20095 20110 175
20116 20166 298
20136 20150 90
20149 20159 60
20179 20183 223
20204 20249 267
20230 20274 137
20246 20257 103
20264 20309 266
20274 20302 86
20302 20342 109
20309 20351 98
20338 20375 36
20346 20366 279
20361 20386 236
20366 20412 190
20382 20413 54
20393 20423 153
20421 20436 265
20449 20455 11
20457 20493 105
20463 20501 2
20487 20488 184
20511 20544 300
20514 20546 24
20526 20557 49
20536 20538 250
20544 20552 95
20566 20569 276
20582 20614 89
20599 20616 198
20605 20614 231
20635 20662 214
20642 20648 256
20643 20657 280
20648 20671 194
20658 20688 256
20664 20687 72
20685 20699 64
20705 20717 59
20735 20755 125
20749 20795 174
20755 20794 97
20770 20774 159
20800 20837 92
20813 20826 26
20832 20860 48
20843 20872 90
20844 20877 27
20844 20864 197
20868 20889 151
20868 20894 41
20880 20929 297
20894 20944 25
20907 20953 34
20928 20974 281
20955 21002 232
20965 21006 290
20977 21002 102
20993 21015 164
20997 21031 144
21015 21036 189
21023 21072 236
21028 21072 114
21032 21080 229
21048 21077 125
21059 21068 296
21076 21103 97
21076 21092 160
21081 21082 229
21100 21144 278
21111 21120 59
21131 21181 198
21144 21178 209
21157 21159 265
21157 21159 94
21170 21189 196
21187 21209 274
21203 21244 152
21209 21248 300
21219 21223 80
21225 21248 42
21244 21272 138
21265 21290 138
21270 21293 89
21288 21335 140
21291 21330 293
21316 21346 133
21338 21360 269
21338 21345 209
21363 21405 95
21382 21398 57
21388 21436 196
21405 21425 58
21423 21448 56
21441 21459 59
21469 21497 85
21479 21497 205
21486 21512 55
21500 21519 288
21502 21512 165
21519 21526 239
21547 21551 131
21560 21572 164
21566 21610 88
21591 21627 268
21603 21645 273
21611 21631 47
21640 21671 296
21667 21685 130
21691 21731 160
21700 21735 22
21727 21732 190
21736 21774 29
21743 21793 294
21746 21754 261
21754 21771 155
21774 21779 90
21795 21818 112
21822 21833 205
21833 21862 20
21835 21864 143
21847 21856 96
21861 21881 151
21864 21898 72
21882 21919 274
21906 21947 111
21908 21940 283
21911 21921 201
21923 21947 193
21942 21960 118
21965 21993 145
21989 21996 90
21993 22025 44
22002 22046 50
22024 22065 296
22032 22075 60
22045 22092 190
22062 22105 163
22072 22087 57
22090 22113 73
22094 22142 103
22111 22118 233
22138 22182 71
22168 22181 109
22175 22203 234
22181 22192 152
22186 22232 162
22208 22215 173
22208 22235 180
22227 22256 156
22248 22251 106
22277 22312 276
22284 22289 39
22307 22340 219
22326 22360 1
22345 22373 105
22362 22409 264
22364 22369 139
22372 22421 236
22383 22401 32
22384 22391 109
22408 22411 150
22419 22435 29
22427 22436 160
22435 22481 12
22440 22457 48
22441 22455 298
22454 22490 173
22467 22476 114
22474 22517 220
22490 22534 276
22491 22541 193
22509 22539 153
22538 22568 238
22546 22563 26
22551 22588 239
22567 22568 288
22578 22591 14
22590 22627 205
22616 22623 47
22634 22644 121
22654 22689 231
22657 22702 24
22677 22688 283
22688 22705 285
22711 22721 212
22734 22769 55
22752 22800 54
22764 22813 1
22789 22839 148
22799 22824 111
22823 22828 32
22844 22851 116
22846 22858 251
22851 22863 271
22873 22894 107
22876 22911 180
22893 22913 48
22910 22927 198
22921 22925 214
22951 22979 55
22975 23010 138
23000 23012 34
23007 23036 3
23007 23020 192
23014 23064 161
23039 23060 296
23062 23103 28
23064 23112 285
23088 23108 298
23095 23144 21
23119 23120 120
23134 23158 142
23144 23182 265
23171 23212 241
23171 23188 37
23180 23208 98
23206 23253 233
23233 23272 270
23240 23260 103
23249 23274 81
23262 23283 97
23262 23296 295
23283 23307 240
23290 23325 45
23305 23350 102
23321 23365 140
23340 23378 99
23366 23383 196
23393 23420 115
23394 23428 133
23414 23446 197
23439 23456 138
23452 23465 153
23456 23462 149
23462 23497 181
23487 23495 157
23491 23533 92
23495 23511 234
23511 23528 117
23523 23555 155
23527 23530 251
23547 23548 176
23553 23590 124
23573 23609 159
23593 23610 125
23623 23664 256
23626 23659 196
23640 23644 191
23656 23689 184
23668 23670 170
23674 23680 17
23704 23706 195
23732 23770 135
23745 23780 230
23775 23777 73
23777 23801 244
23787 23834 23
23811 23828 154
23815 23843 47
23822 23841 71
23842 23844 131
23863 23866 249
23874 23887 165
23887 23918 262
23907 23950 225
23934 23952 88
23958 24004 85
23962 23990 4
23984 24013 26
23990 24008 178
24004 24029 236
24032 24048 252
24050 24083 141
24068 24073 139
24094 24142 73
24104 24135 144
24118 24168 86
24144 24173 32
24173 24221 185
24176 24208 198
24189 24226 134
24204 24250 85
24225 24261 267
24239 24245 172
24246 24273 99
24260 24271 292
24290 24306 91
24317 24337 149
24332 24345 216
24332 24348 183
24358 24367 35
24362 24388 77
24379 24416 162
24397 24445 233
24404 24428 99
24421 24428 83
24451 24459 210
24454 24492 156
24461 24508 243
24478 24520 171
24492 24534 250
24516 24519 86
24546 24595 287
24563 24611 234
24566 24600 179
24589 24619 124
24601 24621 81
24624 24660 141
24632 24638 182
24638 24642 126
24650 24698 212
24664 24679 90
24688 24705 216
24689 24704 253
24718 24739 134
24725 24775 95
24728 24755 128
24756 24784 283
24778 24828 7
24788 24805 266
24796 24812 207
24804 24845 10
24808 24813 257
24832 24850 180
24850 24895 122
24875 24884 103
24904 24949 64
24918 24961 71
24933 24949 241
24959 24975 91
24972 24986 21
24990 25009 152
25005 25042 40
25010 25011 27
25016 25038 46
25035 25064 32
25040 25085 297
25070 25120 107
25076 25100 38
25088 25120 285
25115 25140 101
25126 25150 103
25150 25189 15
25169 25210 286
25188 25219 131
25200 25222 264
25210 25256 60
25215 25246 85
25219 25242 174
25238 25267 185
25246 25271 259
25254 25283 121
25280 25328 101
25297 25327 79
25297 25335 43
25325 25360 228
25345 25383 189
25355 25366 6
25365 25367 158
25366 25372 272
25391 25412 293
25400 25408 40
25412 25441 13
25413 25432 280
25417 25418 214
25441 25457 266
25445 25452 72
25453 25466 269
25478 25501 291
25478 25518 17
25482 25484 118
25500 25516 98
25505 25531 25
25523 25560 202
25542 25560 86
25548 25572 276
25557 25569 225
25568 25611 250
25597 25621 178
25599 25649 125
25604 25620 49
25623 25659 283
25630 25651 100
25632 25673 146
25652 25653 103
25679 25692 175
25693 25724 189
25694 25723 194
25705 25722 145
25732 25768 232
25742 25750 171
25749 25763 142
25766 25789 180
25778 25826 238
25804 25818 181
25817 25822 91
25818 25859 119
25824 25841 171
25854 25874 107
25869 25911 19
25882 25897 237
25906 25939 226
25927 25958 33
25934 25978 240
25958 25972 299
25986 26010 130
25986 26003 106
26007 26036 86
26036 26062 241
26051 26054 86
26058 26102 46
26088 26096 194
26100 26110 104
26102 26106 69
26110 26124 111
26121 26130 230
26132 26143 47
26153 26170 288
26169 26196 51
26197 26247 99
26218 26232 22
26219 26265 103
26226 26242 105
26227 26259 153
26233 26273 106
26262 26301 288
26271 26308 31
26275 26294 89
26282 26293 203
26308 26346 20
26308 26340 160
26338 26384 275
26358 26367 160
26376 26410 221
26392 26442 103
26415 26434 70
26438 26471 218
26453 26497 84
26463 26490 168
26477 26524 146
26497 26545 289
26518 26563 150
26531 26574 200
26549 26595 24
26559 26584 289
26587 26618 242
26608 26628 252
26631 26659 200
26652 26682 1
26671 26697 124
26688 26734 204
26709 26748 129
26735 26746 66
26739 26754 234
26752 26761 106
26782 26807 136
26803 26818 82
26820 26858 36
26821 26864 127
26829 26878 174
26856 26899 3
26882 26888 174
26903 26910 12
26926 26945 235
26944 26992 251
26962 27012 168
26984 27016 185
26986 27009 239
26998 27013 37
27008 27033 95
27038 27075 289
27059 27062 285
27073 27088 162
27079 27084 262
27098 27106 243
27104 27135 187
27127 27151 184
27145 27159 173
27165 27177 195
27174 27202 273
27174 27215 288
27183 27196 181
27187 27232 214
27207 27246 71
27214 27241 114
27219 27269 173
27229 27269 180
27254 27259 227
27263 27284 153
27278 27295 29
27307 27323 57
27327 27329 232
27356 27366 161
27386 27429 162
27391 27396 234
27420 27443 272
27443 27492 27
27471 27483 48
27485 27493 241
27494 27496 290
27524 27567 238
27524 27532 282
27545 27569 107
27564 27575 266
27586 27635 29
27594 27622 86
27601 27637 122
27627 27648 281
27649 27662 294
27650 27689 148
27668 27673 231
27690 27714 273
27692 27729 95
27714 27725 108
27718 27743 149
27720 27765 135
27736 27762 233
27754 27780 225
27756 27758 46
27785 27789 179
27807 27830 103
27823 27835 140
27846 27853 15
27846 27868 17
27848 27850 133
27848 27862 157
27854 27879 289
27864 27872 163
27893 27918 288
27901 27938 290
27914 27926 123
27927 27936 120
27942 27977 272
27952 27970 273
27955 27976 65
27959 27999 234
27971 28003 3
27976 28025 156
27983 27990 18
28012 28046 149
28037 28047 260
28038 28061 221
28038 28057 236
28040 28060 59
28062 28064 33
28090 28118 193
28109 28154 52
28127 28143 11
28155 28198 111
28173 28191 207
28174 28198 8
28185 28193 79
28188 28200 208
28202 28224 50
28215 28221 73
28223 28242 257
28250 28291 61
28275 28314 93
28282 28325 265
28312 28329 123
28331 28349 36
28350 28353 1
28371 28381 100
28398 28400 78
28419 28429 64
28433 28442 154
28436 28475 242
28461 28482 210
28466 28468 18
28478 28497 7
28499 28540 182
28500 28501 175
28528 28565 64
28536 28540 51
28560 28566 110
28561 28603 11
28576 28580 40
28600 28605 215
28630 28631 1
28642 28687 225
28648 28680 16
28665 28702 228
28670 28715 75
28673 28704 235
28700 28749 46
28718 28726 230
28735 28767 169
28741 28780 149
28764 28784 179
28785 28789 125
28785 28834 256
28793 28824 60
28821 28863 253
28834 28869 282
28850 28872 65
28852 28882 155
28865 28886 180
28869 28916 32
28897 28918 287
28906 28936 134
28927 28944 95
28941 28974 86
28965 29001 219
28983 28984 98
29007 29015 38
29030 29062 145
29059 29099 4
29073 29087 263
29077 29093 94
29077 29087 288
29103 29127 193
29122 29126 259
29136 29168 15
29149 29156 156
29163 29179 43
29170 29183 153
29184 29220 8
29211 29256 189
29216 29264 273
29230 29233 255
29256 29257 59
29267 29289 38
29277 29308 91
29286 29308 300
29301 29305 7
29315 29349 126
29322 29356 107
29340 29343 174
29368 29415 93
29372 29383 35
29389 29434 28
29410 29443 184
29429 29453 84
29459 29509 79
29487 29529 86
29497 29546 234
29497 29515 111
29509 29522 130
29529 29570 3
29551 29601 11
29564 29613 242
29571 29579 85
29584 29599 187
29604 29606 155
29634 29670 106
29637 29678 119
29639 29645 24
29639 29642 286
29648 29695 110
29657 29682 51
29673 29702 36
29673 29694 236
29687 29697 61
29690 29724 92
29711 29740 157
29737 29750 219
29758 29803 182
29763 29787 295
29782 29831 140
29808 29831 96
29819 29845 210
29847 29883 152
29860 29903 121
29863 29867 86
29886 29894 162
29904 29931 26
29905 29914 91
29911 29936 242
29929 29967 191
29950 29986 230
29956 29974 227
29956 29996 134
29974 30009 266
30003 30044 99
30009 30048 289
30014 30030 195
30022 30040 293
30036 30066 163
30054 30056 243
30064 30094 213
30084 30107 80
30097 30111 204
30097 30102 118
30102 30123 197
30131 30133 1
30144 30170 215
30168 30187 189
30184 30201 41
30184 30210 221
30191 30228 228
30197 30223 269
30219 30269 101
30222 30235 70
30225 30268 74
30242 30248 117
30242 30259 150
30267 30273 147
30281 30291 129
30286 30304 23
30315 30362 104
30334 30369 199
30355 30358 239
30367 30387 289
30383 30402 63
30387 30390 181
30412 30422 164
30441 30457 242
30458 30479 131
30462 30502 113
30463 30481 282
30489 30535 119
30510 30539 25
30511 30535 278
30525 30557 231
30544 30553 233
30552 30568 171
30567 30595 277
30574 30600 101
30593 30630 183
30607 30626 19
30610 30629 172
30628 30660 98
30635 30681 218
30652 30673 46
30656 30683 56
30658 30667 15
30660 30676 276
30668 30703 7
30673 30690 292
30700 30711 13
30708 30710 202
30716 30738 269
30718 30749 228
30719 30728 260
30724 30757 130
30733 30736 48
30757 30782 18
30767 30802 55
30780 30809 187
30806 30852 174
30834 30865 193
30844 30871 60
30856 30884 213
30884 30911 184
30902 30906 134
30902 30926 60
30929 30977 115
30951 30981 136
30955 30987 73
30968 31014 287
30978 30986 30
30997 31010 237
31023 31068 31
31034 31041 193
31055 31091 263
31059 31067 231
31083 31095 210
31094 31143 203
31122 31142 179
31130 31179 189
31158 31201 114
31170 31184 132
31194 31200 252
31203 31216 160
31212 31262 178
31219 31224 94
31239 31284 275
31240 31269 255
31252 31295 106
31260 31309 256
31290 31308 48
31317 31360 235
31334 31344 210
31353 31403 284
31383 31385 238
31404 31409 98
31428 31432 10
31435 31455 156
31452 31464 264
31471 31498 272
31496 31526 222
31526 31539 194
31534 31537 79
31558 31570 281
31576 31619 139
31605 31647 135
31619 31647 64
31645 31693 60
31653 31687 213
31653 31678 121
31673 31675 238
31698 31703 235
31702 31730 167
31722 31757 110
31727 31735 12
31739 31762 255
31753 31777 268
31780 31826 137
31791 31810 176
31809 31848 216
31835 31854 91
31837 31841 133
31860 31872 177
31871 31906 179
31893 31922 189
31894 31904 179
31900 31917 204
31930 31932 88
31943 31954 87
31960 31991 248
31990 32038 62
31991 32005 66
31991 31995 222
32010 32019 70
32015 32027 293
32030 32040 133
32045 32091 69
32067 32086 249
32076 32121 265
32097 32146 218
32121 32123 157
32144 32159 64
32153 32190 143
32158 32203 23
32160 32190 226
32167 32186 2
32172 32219 57
32199 32228 187
32223 32232 77
32240 32245 90
32260 32272 130
32266 32282 220
32289 32332 200
32317 32352 176
32325 32362 75
32350 32369 82
32370 32412 64
32394 32427 202
32419 32437 130
32425 32432 60
32445 32485 11
32445 32461 147
32472 32498 290
32496 32535 80
32504 32520 189
32534 32550 258
32561 32579 239
32584 32633 180
32613 32662 223
32636 32659 239
32651 32672 264
32679 32714 200
32696 32713 191
32712 32755 166
32733 32747 178
32736 32772 29
32740 32763 113
32759 32796 75
32778 32815 24
32791 32827 200
32791 32840 129
32804 32812 255
32808 32837 229
32808 32832 276
32822 32835 82
32822 32861 142
32822 32837 270
32840 32877 244
32840 32890 258
32857 32890 213
32885 32933 9
32893 32905 43
32920 32967 65
32934 32949 127
32957 32964 69
32984 32998 117
33006 33027 189
33013 33022 268
33016 33026 196
33041 33052 118
33043 33047 211
33059 33080 195
33061 33071 3
33086 33122 223
33096 33114 208
33123 33162 1
33129 33161 200
33135 33169 108
33144 33191 285
33159 33165 242
33162 33201 218
33173 33200 247
33202 33224 208
33218 33257 239
33231 33258 211
33237 33246 220
33240 33264 98
33248 33275 187
33275 33302 73
33295 33315 83
33320 33330 145
33336 33367 127
33337 33354 176
33348 33392 122
33367 33369 293
33367 33397 155
33385 33389 243
33414 33418 262
33428 33444 20
33450 33476 13
33462 33512 111
33490 33536 146
33515 33554 104
33540 33564 241
33563 33587 13
33581 33599 112
33585 33613 48
33603 33651 110
33609 33624 208
33620 33651 187
33639 33685 188
33669 33688 81
33674 33707 74
33678 33713 163
33686 33691 133
33695 33705 179
33716 33759 282
33726 33758 291
33746 33781 293
33768 33795 221
33795 33827 233
33805 33836 91
33830 33878 96
33844 33876 215
33870 33902 96
33871 33900 11
33898 33904 1
33924 33933 131
33927 33936 40
33931 33947 278
33932 33976 60
33943 33954 53
33948 33978 109
33965 33980 154
33990 33993 64
33995 34027 99
34004 34030 236
34010 34027 61
34031 34050 288
34060 34073 62
34075 34125 160
34098 34133 54
34101 34150 187
34102 34104 81
34116 34138 72
34143 34147 73
34156 34197 66
34176 34225 37
34196 34246 148
34221 34258 112
34240 34270 283
34259 34289 208
34275 34310 203
34298 34326 262
34315 34359 281
34329 34348 206
34329 34345 249
34341 34368 121
34357 34376 96
34367 34411 46
34388 34391 60
34415 34454 65
34422 34466 30
34422 34446 197
34441 34483 199
34459 34461 39
34463 34500 206
34463 34499 42
34488 34525 21
34492 34528 214
34503 34520 218
34517 34560 159
34530 34570 63
34552 34569 94
34563 34577 291
34589 34635 39
34595 34624 201
34620 34654 132
34625 34636 107
34640 34684 43
34651 34700 19
34665 34706 69
34679 34708 25
34686 34732 230
34704 34730 127
34719 34746 8
34720 34758 283
34722 34761 290
34724 34747 27
34740 34748 268
34750 34758 204
34757 34778 286
34776 34824 137
34791 34816 214
34812 34854 261
34815 34818 140
34818 34827 250
34834 34853 288
34851 34894 145
34863 34880 205
34884 34934 220
34909 34934 163
34913 34917 175
34943 34979 43
34950 34952 54
34959 34999 189
34976 35025 62
34984 35022 40
34986 35031 117
34997 35001 6
35009 35033 184
35022 35052 89
35028 35061 145
35055 35083 81
35065 35105 167
35081 35098 127
35085 35123 211
35113 35115 166
35127 35168 270
35146 35185 205
35156 35203 218
35168 35180 245
35174 35213 131
35197 35217 89
35216 35249 287
35216 35236 236
35227 35238 29
35229 35244 49
35232 35279 147
35232 35282 239
35245 35286 77
35246 35270 218
35263 35310 131
35271 35299 196
35294 35297 36
35319 35334 219
35333 35361 274
35343 35350 274
35370 35378 150
35373 35412 265
35391 35416 118
35417 35460 179
35421 35428 222
35440 35446 173
35456 35457 96
35464 35495 249
35480 35511 272
35503 35544 269
35524 35536 202
35546 35552 15
35572 35577 102
35588 35598 151
35614 35647 155
35630 35641 185
35636 35670 38
35661 35702 144
35689 35696 175
35710 35737 166
35722 35724 153
35743 35747 12
35747 35797 105
35747 35753 110
35774 35820 224
35791 35819 112
35796 35802 203
35812 35834 203
35826 35857 241
35849 35857 46
35873 35893 138
35894 35927 262
35896 35933 33
35921 35966 25
35935 35968 264
35954 35991 249
35983 35988 159
35994 36015 251
36023 36060 83
36024 36056 139
36039 36047 261
36044 36086 212
36055 36104 103
36055 36074 198
36082 36129 208
36090 36131 239
36094 36133 235
36103 36143 151
36120 36160 63
36148 36162 137
36176 36195 162
36180 36190 257
36204 36243 65
36232 36234 251
36258 36264 204
36277 36293 271
36301 36320 168
36303 36350 53
36318 36357 135
36329 36348 228
36346 36377 114
36375 36376 25
36391 36415 287
36395 36411 229
36413 36414 174
36439 36482 53
36465 36483 286
36466 36487 178
36484 36514 120
36507 36512 117
36507 36542 218
36528 36545 182
36555 36584 62
36570 36589 46
36575 36585 112
36584 36587 22
36611 36661 270
36639 36679 36
36666 36714 169
36680 36691 134
36687 36696 239
36698 36727 245
36706 36749 125
36714 36732 235
36739 36745 78
36756 36774 219
36763 36797 218
36780 36800 75
36809 36814 30
36825 36867 182
36841 36890 48
36850 36867 275
36876 36898 104
36906 36922 20
36927 36963 198
36940 36946 3
36959 36981 145
36975 36994 276
36992 37006 122
37010 37047 256
37031 37034 149
37034 37051 197
37048 37090 24
37048 37098 150
37063 37089 248
37090 37135 123
37116 37138 45
37144 37175 253
37145 37192 255
37147 37156 222
37172 37203 96
37200 37206 173
37224 37257 14
37249 37265 272
37262 37274 60
37264 37266 85
37264 37310 246
37265 37277 46
37268 37271 135
37274 37290 117
37288 37322 2
37316 37365 70
37319 37328 1
37319 37338 127
37322 37359 64
37329 37346 133
37346 37390 70
37351 37394 283
37355 37403 257
37374 37400 18
37388 37396 165
37389 37422 19
37389 37390 141
37412 37449 263
37431 37443 9
37431 37453 114
37441 37451 82
37471 37487 143
37477 37484 32
37500 37534 115
37527 37563 295
37528 37551 277
37534 37570 22
37562 37598 255
37581 37590 237
37582 37630 270
37592 37628 288
37612 37619 79
37613 37651 91
37628 37676 133
37643 37646 37
37664 37684 80
37688 37692 221
37698 37735 229
37713 37755 194
37718 37720 221
37732 37780 196
37739 37750 267
37745 37771 290
37769 37816 292
37771 37784 46
37775 37779 296
37795 37831 134
37798 37832 162
37813 37830 278
37840 37854 243
37845 37892 192
37864 37904 160
37882 37914 172
37898 37904 54
37923 37950 3
37941 37956 91
37970 37973 189
37994 38012 258
38011 38061 104
38026 38040 138
38041 38073 93
38045 38049 34
38051 38059 103
38054 38058 169
38059 38068 63
38076 38111 70
38088 38122 75
38107 38113 96
38135 38167 77
38139 38161 146
38163 38196 219
38168 38172 249
38173 38187 6
38194 38203 265
38213 38217 9
38218 38219 184
38235 38256 217
38262 38290 205
38273 38287 214
38290 38324 163
38304 38336 217
38310 38344 90
38335 38355 14
38365 38372 223
38389 38415 212
38404 38431 179
38434 38458 134
38436 38443 289
38448 38484 138
38476 38521 74
38499 38526 67
38512 38562 143
38527 38557 229
38551 38573 182
38558 38566 145
38572 38605 12
38576 38603 195
38586 38620 284
38599 38641 84
38610 38625 164
38630 38653 198
38640 38689 288
38653 38690 125
38666 38689 189
38679 38703 29
38679 38700 177
38692 38723 271
38693 38732 201
38719 38760 105
38738 38775 183
38742 38782 178
38755 38801 240
38766 38782 228
38786 38832 177
38792 38816 293
38808 38826 2
38831 38855 280
38838 38844 129
38863 38888 170
38870 38919 74
38882 38911 10
38883 38917 64
38904 38906 27
38909 38929 207
38929 38974 135
38933 38962 222
38933 38953 259
38933 38955 292
38962 39010 158
38988 39032 258
38996 39037 164
38996 39007 257
39005 39035 184
39025 39032 137
39034 39037 141
39060 39068 45
39071 39088 240
39089 39117 59
39116 39120 239
39127 39139 214
39145 39156 4
39157 39163 291
39166 39171 191
39190 39227 93
39219 39225 265
39233 39261 227
39249 39273 32
39277 39312 249
39292 39302 99
39319 39359 150
39322 39369 233
39339 39363 76
39349 39392 207
39368 39404 38
39377 39409 208
39394 39442 144
39397 39425 55
39417 39440 42
39442 39443 15
39455 39468 28
39474 39512 92
39481 39501 31
39504 39538 270
39517 39551 221
39546 39566 300
39573 39600 35
39578 39581 231
39603 39626 281
39615 39635 230
39625 39661 60
39627 39638 161
39637 39645 199
39649 39674 273
39678 39718 18
39690 39710 80
39712 39724 230
39719 39743 265
39742 39788 94
39766 39792 218
39793 39807 3
39803 39811 2
39831 39870 58
39848 39863 41
39865 39881 221
39868 39880 59
39871 39884 81
39878 39909 245
39887 39908 260
39900 39944 227
39906 39911 245
39927 39945 153
39929 39956 157
39950 39952 96
39961 39963 287
39968 39984 131
39971 39997 81
39977 40016 161
39996 40020 52
40000 40030 168
40020 40044 94
40038 40068 140
40051 40084 133
40063 40086 33
40083 40124 14
40101 40148 27
40126 40145 113
40153 40192 168
40156 40173 15
40179 40188 93
40202 40216 31
40232 40267 80
40252 40281 81
40275 40287 213
40281 40328 245
40294 40295 59
40294 40330 87
40304 40310 290
40331 40353 275
40356 40360 225
40363 40400 123
40364 40407 230
40394 40440 76
40405 40409 209
40406 40445 147
40434 40477 283
40434 40445 284
40459 40504 99
40479 40509 105
40485 40530 146
40494 40511 230
40500 40509 276
40519 40559 230
40521 40544 231
40522 40561 236
40549 40584 25
40571 40603 215
40574 40613 128
40585 40602 218
40588 40605 244
40598 40642 216
40606 40633 194
40609 40653 52
40628 40644 280
40635 40682 294
40663 40679 48
40675 40686 13
40683 40693 294
40692 40703 276
40715 40749 288
40739 40760 299
40743 40748 9
40762 40779 66
40786 40787 215
40813 40855 50
40821 40865 247
40845 40860 85
40846 40853 176
40860 40898 195
40885 40931 43
40888 40901 159
40912 40917 204
40914 40950 135
40914 40921 93
40918 40949 197
40925 40949 157
40952 40983 245
40971 40975 62
40989 40998 217
41009 41053 124
41011 41058 36
41023 41027 198
41043 41061 10
41059 41074 297
41059 41067 183
41078 41118 15
41084 41103 232
41088 41136 174
41112 41134 131
41132 41163 145
41136 41184 75
41148 41194 98
41167 41211 204
41196 41206 203
41220 41240 180
41247 41251 219
41260 41291 101
41261 41285 35
41280 41293 83
41303 41317 125
41317 41334 228
41328 41339 56
41358 41386 292
41360 41385 199
41372 41385 57
41396 41418 281
41405 41413 10
41417 41436 151
41438 41488 294
41448 41487 41
41450 41480 42
41470 41473 248
41489 41520 264
41514 41563 211
41518 41551 66
41541 41543 239
41548 41586 180
41565 41569 223
41582 41611 3
41598 41620 260
41622 41641 146
41628 41642 41
41639 41656 86
41658 41662 256
41663 41680 83
41689 41721 297
41694 41713 50
41696 41736 266
41703 41726 273
41711 41727 31
41736 41782 96
41762 41807 167
41778 41816 104
41790 41825 101
41800 41828 31
41818 41827 203
41844 41857 195
41858 41887 96
41871 41885 287
41896 41910 98
41924 41941 161
41929 41937 254
41931 41976 232
41934 41945 221
41941 41986 124
41949 41986 217
41977 41987 105
41980 41997 161
41982 42001 150
41994 42042 34
42005 42017 72
42019 42046 154
42038 42086 115
42063 42108 219
42082 42131 148
42090 42092 278
42096 42146 185
42110 42132 45
42132 42153 128
42140 42144 288
42169 42205 219
42177 42194 173
42199 42226 200
42227 42255 140
42237 42247 22
42262 42299 74
42277 42294 298
42300 42305 261
42314 42351 240
42324 42362 141
42329 42338 31
42339 42370 72
42344 42366 24
42361 42369 204
42367 42379 237
42389 42390 292
42408 42434 81
42409 42449 85
42431 42438 49
42454 42457 274
42463 42467 286
42478 42487 159
42497 42523 122
42507 42520 4
42527 42567 279
42556 42564 141
42581 42623 85
42582 42612 67
42596 42608 283
42618 42655 218
42618 42637 152
42638 42651 126
42665 42708 149
42678 42694 77
42695 42737 244
42722 42750 58
42749 42776 31
42760 42766 49
42776 42803 17
42778 42821 276
42791 42829 158
42792 42837 117
42811 42833 129
42825 42831 214
42849 42866 107
42859 42902 148
42867 42895 281
42871 42877 205
42880 42912 161
42899 42931 269
42900 42933 119
42914 42948 204
42917 42959 133
42921 42968 15
42926 42947 300
42950 42994 144
42979 43005 234
43000 43017 293
43027 43047 204
43033 43038 136
43047 43079 12
43057 43105 294
43071 43091 82
43079 43104 89
43090 43136 209
43112 43130 144
43112 43126 10
43119 43157 181
43141 43162 210
43164 43180 132
43176 43199 267
43190 43202 200
43193 43202 212
43212 43257 200
43235 43255 147
43238 43246 98
43239 43257 166
43266 43272 215
43283 43309 107
43294 43298 125
43319 43339 39
43330 43349 128
43357 43404 161
43362 43402 241
43385 43392 298
43409 43424 213
43411 43423 282
43416 43427 9
43419 43431 34
43444 43481 259
43474 43524 96
43477 43498 84
43483 43485 164
43499 43518 83
43518 43523 147
43541 43583 205
43556 43563 78
43581 43630 102
43610 43617 236
43625 43647 121
43652 43665 299
43663 43705 235
43692 43709 107
43713 43727 179
43741 43755 283
43757 43793 107
43757 43762 172
43777 43819 220
43802 43811 70
43808 43825 295
43834 43842 155
43851 43885 246
43877 43926 37
43889 43892 132
43894 43922 45
43895 43939 10
43912 43936 91
43921 43949 63
43931 43973 231
43950 43963 257
43974 44007 44
43996 44033 125
44008 44025 189
44036 44052 105
44037 44066 136
44057 44058 173
44070 44111 7
44076 44112 18
44097 44125 158
44100 44128 85
44105 44107 205
44125 44151 175
44126 44127 295
44140 44152 278
44155 44158 288
44164 44213 156
44179 44202 2
44191 44230 248
44212 44224 85
44222 44269 167
44231 44255 271
44246 44293 99
44257 44266 89
44274 44299 4
44275 44323 200
44303 44306 242
44313 44320 281
44343 44391 277
44362 44378 57
44368 44393 278
44374 44407 228
44388 44410 78
44406 44436 257
44428 44439 106
44428 44466 106
44453 44466 191
44474 44484 84
44486 44518 90
44513 44548 239
44526 44549 183
44542 44564 217
44545 44591 204
44554 44595 21
44572 44617 129
44599 44609 58
44606 44647 162
44616 44623 296
44644 44685 166
44660 44682 81
44680 44682 118
44695 44736 104
44721 44762 219
44738 44757 92
44756 44765 119
44771 44807 232
44801 44815 151
44823 44824 283
44841 44847 268
44866 44901 144
44889 44897 257
44911 44943 99
44928 44938 182
44941 44948 132
44944 44956 1
44966 44980 156
44978 44994 64
44980 45013 156
44981 44993 127
44987 45002 134
45008 45045 231
45029 45079 180
45041 45064 4
45049 45054 285
45067 45101 170
45093 45106 136
45111 45155 289
45138 45184 211
45149 45181 207
45171 45201 291
45200 45218 68
45220 45250 135
45221 45249 80
45248 45250 204
45270 45294 6
45283 45331 180
45302 45351 2
45312 45354 265
45338 45346 78
45353 45391 171
45362 45403 260
45373 45417 195
45377 45404 292
45400 45447 254
45402 45410 230
45404 45448 219
45422 45446 90
45428 45474 161
45451 45454 80
45467 45511 203
45476 45500 52
45494 45543 286
45521 45547 6
45531 45581 267
45545 45561 138
45567 45578 82
45591 45622 20
45604 45653 113
45631 45672 199
45651 45679 114
45673 45714 232
45693 45702 33
45697 45705 15
45708 45718 182
45718 45743 220
45744 45764 169
45760 45806 59
45767 45791 254
45767 45777 181
45796 45812 74
45815 45859 144
45835 45845 33
45862 45910 151
45874 45880 135
45894 45939 179
45901 45921 295
45926 45954 247
45946 45962 5
45970 45999 105
45976 46012 191
45996 46039 92
46008 46055 198
46025 46064 289
46048 46086 54
46073 46114 44
46073 46117 269
46078 46100 88
46095 46129 4
46107 46124 116
46107 46128 11
46124 46172 300
46126 46148 241
46129 46166 197
46148 46188 135
46163 46168 233
46165 46206 16
46183 46190 265
46200 46248 25
46209 46259 10
46220 46223 164
46229 46268 20
46229 46264 216
46249 46253 63
46272 46275 175
46302 46321 205
46321 46357 250
46338 46376 207
46362 46372 47
46369 46399 298
46372 46373 112
46400 46413 24
46417 46437 232
46441 46474 36
46471 46473 107
46492 46516 255
46502 46518 118
46522 46555 188
46550 46582 122
46564 46605 38
46574 46593 60
46581 46582 266
46583 46631 273
46610 46629 283
46623 46659 295
46651 46661 299
46672 46674 226
46699 46727 112
46714 46752 127
46732 46765 297
46733 46735 8
46743 46748 170
46758 46769 78
46770 46796 209
46770 46784 193
46787 46821 17
46804 46818 45
46818 46842 50
46839 46849 48
46851 46899 104
46856 46906 187
46877 46925 282
46886 46916 108
46888 46918 110
46907 46917 15
46927 46929 197
46943 46953 154
46946 46996 53
46976 47007 101
46990 47036 264
46997 47017 54
47020 47050 97
47042 47047 258
47059 47086 114
47066 47071 38
47085 47110 137
47104 47120 84
47129 47168 185
47145 47153 51
47173 47210 199
47182 47194 143
47199 47247 279
47229 47260 145
47249 47277 153
47271 47295 112
47271 47317 266
47297 47326 81
47316 47335 219
47346 47390 76
47362 47378 109
47387 47411 48
47409 47445 170
47429 47434 185
47451 47486 184
47465 47467 102
47486 47521 261
47497 47522 49
47522 47537 66
47536 47547 39
47554 47578 79
47581 47596 3
47599 47640 146
47608 47610 115
47634 47679 225
47644 47668 223
47659 47690 142
47689 47737 271
47703 47746 203
47730 47755 204
47744 47764 251
47774 47786 139
47788 47821 268
47805 47818 142
47821 47849 230
47831 47859 152
47843 47879 88
47857 47868 91
47861 47862 203
47887 47899 218
47903 47908 255
47907 47935 205
47931 47966 228
47937 47949 238
47946 47993 110
47958 47970 271
47984 47994 174
48012 48048 259
48014 48027 21
48022 48058 58
48040 48055 102
48060 48110 152
48090 48095 16
48090 48140 85
48108 48113 50
48108 48114 158
48116 48129 237
48146 48181 229
48155 48190 19
48165 48204 72
48182 48199 186
48203 48240 42
48210 48232 226
48214 48228 103
48219 48253 257
48225 48249 285
48228 48274 282
48236 48269 169
48239 48240 239
48242 48276 119
48249 48291 31
48269 48287 78
48269 48309 3
48275 48291 84
48304 48319 270
48322 48345 200
48345 48388 267
48367 48391 63
48382 48415 43
48392 48433 81
48415 48440 40
48440 48452 27
48465 48484 86
48490 48538 146
48515 48553 1
48528 48571 297
48543 48585 88
48548 48554 14
48573 48578 254
48598 48639 22
48603 48646 29
48617 48662 132
48643 48670 74
48651 48677 12
48673 48701 278
48673 48690 97
48674 48696 86
48678 48728 280
48689 48699 164
48719 48760 41
48727 48737 289
48736 48758 272
48742 48767 132
48750 48799 107
48766 48780 140
48774 48778 55
48793 48832 81
48808 48811 193
48833 48864 25
48835 48868 148
48863 48904 150
48867 48891 62
48884 48888 299
48898 48915 5
48919 48948 295
48929 48936 179
48950 48993 86
48955 48984 1
48961 48971 111
48975 49003 290
49004 49024 97
49034 49044 280
49036 49066 292
49065 49097 44
49073 49108 49
49073 49114 175
49080 49091 196
49109 49132 14
49127 49162 120
49156 49206 252
49185 49231 287
49187 49195 56
49191 49220 155
49192 49221 35
49198 49215 287
49199 49212 244
49207 49220 45
49220 49264 267
49230 49263 15
49243 49269 76
49263 49277 73
49267 49294 188
49267 49304 141
49281 49295 115
49307 49328 251
49314 49344 254
49324 49341 19
49331 49367 152
49345 49364 85
49361 49383 43
49380 49415 89
49387 49430 118
49394 49442 270
49394 49419 240
49402 49452 57
49418 49427 257
49431 49432 132
49456 49485 105
49485 49506 134
49511 49522 189
49531 49553 82
49539 49547 70
49540 49578 37
49548 49570 239
49564 49612 111
49576 49597 274
49591 49595 153
49619 49642 78
49647 49678 8
49654 49697 209
49662 49668 250
49663 49676 244
49683 49692 264
49686 49694 281
49693 49720 108
49703 49748 4
49706 49733 239
49719 49753 269
49748 49774 61
49760 49806 272
49781 49803 197
49802 49806 252
49820 49822 108
49829 49847 102
49855 49863 140
49881 49882 93
49888 49894 116
49905 49914 286
49906 49913 55
49935 49961 148
49941 49955 242
49965 49978 51
49993 50043 160
50000 50040 293
50010 50052 193
50010 50028 33
50036 50041 217
50063 50088 195
50085 50121 164
50101 50129 40
50113 50121 115
50136 50172 209
50165 50203 84
50185 50186 112
50212 50216 257
50242 50265 3
50256 50295 54
50276 50309 290
50300 50327 38
50323 50329 266
50351 50380 272
50374 50389 67
50391 50438 182
50411 50458 283
50421 50457 188
50423 50459 176
50443 50465 18
50463 50483 100
50480 50495 76
50494 50495 284
50519 50547 289
50526 50533 24
50530 50546 291
50538 50557 103
50560 50606 26
50567 50577 125
50581 50630 36
50581 50594 214
50597 50647 138
50616 50629 108
50617 50664 222
50621 50625 229
50638 50677 143
50649 50692 35
50659 50706 37
50683 50721 201
50690 50721 267
50710 50734 51
50717 50740 175
50717 50760 185
50746 50752 226
50759 50793 228
50776 50795 63
50801 50850 266
50812 50833 144
50839 50847 6
50864 50878 144
50871 50876 283
50892 50928 28
50899 50928 94
50928 50931 296
50948 50963 188
50961 50995 252
50964 50984 233
50994 51030 64
51015 51053 187
51029 51045 233
51037 51041 111
51059 51064 295
51077 51122 7
51084 51107 286
51089 51127 10
51089 51096 233
51113 51155 289
51120 51145 155
51132 51161 255
51151 51166 228
51176 51210 66
51183 51196 263
51188 51237 23
51214 51255 297
51227 51275 203
51257 51288 61
51287 51322 80
51297 51300 70
51319 51327 196
51326 51366 68
51329 51371 110
51341 51371 291
51346 51369 157
51375 51398 298
51377 51388 166
51379 51429 262
51394 51409 170
51416 51456 235
51417 51454 248
51421 51423 136
51447 51471 120
51461 51510 52
51483 51495 36
51483 51508 169
51494 51502 12
51495 51510 184
51495 51520 66
51519 51529 251
51531 51547 216
51533 51571 107
51533 51559 295
51556 51568 19
51575 51598 184
51602 51646 22
51611 51635 104
51613 51647 79
51629 51645 49
51632 51679 176
51655 51704 251
51657 51707 118
51677 51690 35
51698 51704 61
51708 51719 194
51709 51730 112
51733 51756 113
51740 51783 16
51753 51761 44
51767 51808 19
51775 51785 267
51792 51800 58
51807 51851 284
51836 51837 182
51847 51872 189
51860 51907 287
51861 51911 51
51883 51928 36
51900 51939 85
51911 51961 129
51938 51947 255
51947 51956 72
51948 51976 177
51955 51973 261
51972 51980 75
52002 52041 297
52015 52057 7
52017 52030 68
52035 52063 106
52043 52080 42
52048 52064 120
52062 52069 48
52071 52079 127
52072 52090 146
52072 52103 166
52094 52142 187
52115 52148 149
52130 52165 225
52141 52159 299
52154 52199 210
52160 52205 270
52178 52205 293
52202 52212 88
52205 52229 25
52221 52256 43
52236 52244 190
52253 52255 192
52260 52297 296
52277 52324 202
52291 52334 185
52298 52314 50
52316 52365 260
52334 52353 137
52335 52349 261
52341 52391 282
52358 52374 220
52381 52431 128
52400 52423 105
52413 52424 170
52429 52450 89
52449 52472 162
52449 52499 38
52454 52487 86
52483 52510 130
52498 52520 84
52505 52540 68
52515 52526 45
52526 52557 148
52541 52564 243
52565 52595 150
52591 52616 196
52601 52635 194
52603 52651 263
52619 52625 223
52643 52644 271
52656 52664 15
52666 52709 71
52669 52690 258
52674 52705 197
52695 52735 41
52699 52746 163
52705 52733 189
52716 52736 123
52730 52776 219
52733 52754 233
52747 52749 269
52767 52772 193
52770 52809 79
52773 52798 75
52775 52782 185
52785 52813 82
52798 52826 43
52819 52840 201
52832 52870 225
52849 52862 165
52870 52898 138
52888 52894 173
52890 52892 9
52912 52945 58
52924 52964 97
52947 52979 246
52947 52950 130
52958 52990 156
52969 52983 284
52981 52989 15
52988 53011 35
53011 53013 160
53029 53040 55
53031 53079 103
53036 53058 26
53047 53056 189
53053 53102 281
53067 53103 53
53078 53119 166
53080 53087 272
53095 53120 111
53125 53147 127
53133 53165 276
53154 53161 51
53177 53187 163
53188 53226 32
53188 53226 58
53217 53252 101
53240 53261 2
53252 53281 98
53260 53268 36
53264 53301 282
53268 53307 214
53291 53292 287
53304 53353 106
53307 53327 171
53335 53359 115
53352 53386 245
53372 53392 65
53386 53398 110
53407 53415 167
53436 53477 269
53438 53456 67
53466 53493 72
53479 53508 94
53503 53529 267
53527 53574 250
53546 53564 91
53547 53583 261
53570 53604 271
53587 53632 39
53601 53632 228
53616 53623 102
53634 53659 210
53639 53687 101
53665 53698 202
53671 53697 154
53679 53692 5
53697 53700 279
53717 53728 16
53738 53743 205
53746 53756 171
53770 53774 272
53794 53804 209
53798 53815 152
53805 53810 146
53832 53876 283
53845 53893 27
53847 53891 235
53852 53879 205
53881 53895 226
53909 53936 248
53913 53921 95
53920 53945 221
53930 53966 51
53943 53992 52
53954 53965 208
53977 54006 90
54003 54035 76
54017 54054 205
54024 54042 37
54044 54055 187
54047 54063 74
54050 54067 260
54064 54091 258
54078 54117 49
54084 54104 84
54113 54148 8
54138 54167 135
54155 54168 200
54155 54157 243
54169 54202 39
54171 54185 123
54193 54238 91
54211 54229 298
54241 54253 142
54260 54262 161
54271 54286 94
54285 54293 189
54290 54340 211
54295 54331 177
54309 54313 152
54328 54364 60
54347 54359 249
54370 54403 161
54393 54430 93
54397 54418 292
54403 54428 146
54431 54481 210
54452 54468 189
54480 54521 150
54491 54504 17
54491 54537 272
54515 54544 281
54532 54547 126
54551 54586 286
54566 54581 270
54587 54635 137
54597 54614 226
54604 54647 146
54616 54638 116
54626 54636 92
54630 54640 188
54635 54663 243
54655 54705 16
54669 54707 171
54681 54684 200
54685 54709 143
54696 54700 177
54698 54705 17
54698 54733 24
54698 54724 118
54719 54764 217
54739 54756 258
54768 54807 244
54792 54797 161
54809 54832 15
54820 54844 79
54835 54874 142
54848 54874 282
54852 54883 44
54872 54900 155
54883 54933 210
54910 54934 66
54937 54980 197
54955 54979 3
54978 54994 43
55008 55045 127
55020 55044 142
55047 55094 281
55062 55088 203
55078 55083 156
55079 55123 45
55096 55136 9
55115 55128 136
55123 55153 217
55129 55130 183
55138 55167 121
55142 55166 80
55147 55148 234
55175 55207 294
55177 55186 143
55200 55218 65
55230 55234 225
55259 55268 150
55282 55293 16
55285 55310 28
55292 55316 155
55292 55317 8
55319 55339 77
55329 55330 252
55348 55379 78
55375 55421 55
55386 55401 274
55414 55462 195
55440 55475 59
55441 55490 82
55460 55503 20
55462 55473 155
55463 55511 253
55475 55499 69
55504 55523 220
55523 55563 272
55527 55556 227
55531 55573 238
55546 55553 117
55576 55595 223
55587 55595 289
55612 55655 283
55631 55666 249
55643 55688 133
55670 55697 31
55689 55716 144
55702 55730 272
55704 55709 85
55733 55746 43
55749 55756 1
55761 55789 241
55785 55809 257
55806 55832 108
55829 55852 155
55858 55906 237
55859 55903 243
55882 55914 188
55883 55931 215
55907 55946 215
55927 55969 85
55954 55984 27
55974 55990 72
55980 55994 206
55992 56019 296
56019 56034 248
56048 56091 222
56077 56100 280
56095 56106 51
56109 56115 276
56110 56156 80
56116 56159 95
56127 56142 44
56142 56179 276
56148 56174 232
56165 56178 104
56171 56215 41
56173 56195 174
56176 56224 263
56198 56248 157
56227 56276 228
56238 56253 134
56262 56301 75
56287 56299 149
56295 56332 281
56296 56323 259
56306 56355 40
56315 56343 276
56316 56323 24
56324 56349 242
56324 56351 242
56349 56355 153
56362 56391 191
56381 56395 217
56406 56421 135
56432 56458 237
56450 56466 241
56456 56498 90
56480 56524 264
56498 56529 252
56505 56508 216
56516 56528 274
56544 56545 224
56552 56562 192
56555 56563 7
56561 56564 6
56580 56616 20
56588 56624 152
56607 56609 52
56616 56655 9
56625 56649 76
56648 56688 63
56655 56664 221
56680 56702 57
56685 56714 178
56686 56701 250
56693 56737 48
56706 56715 298
56722 56762 188
56745 56751 149
56761 56787 20
56761 56785 150
56763 56809 241
56776 56801 70
56791 56810 42
56817 56852 150
56819 56850 228
56822 56851 229
56833 56847 267
56847 56880 267
56849 56868 54
56869 56902 261
56882 56890 84
56891 56930 13
56921 56940 266
56937 56942 74
56938 56973 248
56951 56986 138
56961 56999 170
56975 57020 282
56983 56994 269
57004 57030 211
57025 57033 155
57055 57058 180
57077 57103 75
57107 57117 27
57130 57154 77
57136 57155 127
57147 57182 113
57156 57181 97
57159 57175 168
57181 57231 142
57194 57201 133
57210 57214 169
57228 57261 74
57258 57290 96
57269 57306 235
57281 57321 198
57290 57311 249
57303 57345 59
57309 57345 130
57324 57331 124
57354 57395 270
57356 57369 149
57372 57398 158
57381 57402 18
57409 57443 255
57427 57457 67
57455 57473 100
57456 57475 272
57484 57502 36
57495 57497 39
57509 57546 189
57538 57556 111
57545 57579 19
57572 57612 32
57573 57614 240
57594 57629 102
57609 57612 228
57628 57661 275
57628 57676 212
57658 57683 238
57686 57719 134
57708 57752 186
57716 57752 171
57740 57761 161
57769 57778 277
57791 57837 291
57800 57828 110
57807 57808 207
57829 57837 76
57852 57889 284
57877 57889 282
57887 57911 128
57889 57936 162
57909 57942 115
57935 57951 274
57944 57991 20
57965 57969 293
57972 58003 190
57993 58013 131
57996 58033 262
58015 58064 124
58025 58064 107
58044 58078 73
58057 58058 295
58077 58103 79
58084 58113 80
58099 58147 226
58126 58172 279
58140 58181 219
58147 58167 130
58163 58200 27
58186 58219 158
58208 58249 156
58232 58236 33
58245 58259 60
58256 58283 18
58265 58267 85
58293 58328 238
58303 58312 236
58320 58356 186
58320 58333 287
58324 58341 187
58326 58371 271
58338 58343 88
58353 58356 107
58381 58428 46
58409 58446 221
58422 58440 8
58452 58486 87
58471 58481 95
58491 58520 8
58496 58506 283
58508 58548 181
58518 58547 293
58530 58532 251
58554 58589 200
58565 58603 16
58592 58625 74
58613 58640 97
58617 58622 276
58623 58659 269
58633 58681 55
58658 58661 103
58674 58699 103
58675 58707 102
58678 58704 172
58704 58728 296
58730 58775 29
58737 58778 173
58756 58782 117
58778 58802 279
58790 58809 295
58818 58824 27
58821 58843 145
58836 58850 81
58861 58862 292
58864 58901 66
58875 58915 244
58896 58940 178
58902 58921 182
58932 58969 290
58956 58998 151
58977 58981 77
58982 59024 135
58988 59015 117
59013 59054 115
59037 59074 143
59041 59075 278
59046 59061 215
59052 59073 234
59065 59106 12
59068 59095 36
59092 59112 82
59122 59127 276
59151 59152 235
59169 59215 174
59190 59220 169
59207 59211 3
59231 59250 31
59242 59268 297
59267 59284 30
59284 59300 146
59290 59304 257
59313 59333 83
59339 59341 72
59363 59403 142
59374 59395 299
59403 59444 263
59420 59452 73
59444 59448 88
59472 59490 60
59488 59525 141
59501 59511 67
59524 59562 78
59551 59582 110
59579 59594 31
59597 59623 209
59606 59642 180
59627 59665 214
59651 59680 284
59675 59711 79
59705 59746 167
59731 59770 168
59743 59776 94
59746 59758 196
59763 59809 284
59793 59803 127
59794 59803 86
59799 59809 291
59821 59831 63
59836 59873 56
59839 59878 94
59866 59876 60
59888 59918 89
59909 59931 202
59927 59950 107
59940 59952 104
59949 59977 46
59975 60003 54
59988 60002 196
59988 60008 82
59992 60016 299
60008 60041 212
60026 60073 72
60048 60061 277
60054 60059 183
60058 60092 283
60061 60077 270
60068 60099 73
60072 60083 216
60083 60108 179
60084 60131 182
60106 60135 175
60121 60136 247
60127 60144 109
60135 60185 116
60144 60161 183
60152 60181 117
60158 60190 233
60175 60184 46
60183 60199 47
60211 60258 222
60213 60248 169
60226 60231 196
60228 60244 33
60241 60244 177
60250 60259 170
60260 60287 237
60271 60277 60
60277 60313 131
60285 60294 288
60286 60300 207
60292 60317 228
60309 60344 262
60336 60345 285
60338 60359 181
60362 60378 256
60387 60422 28
60403 60408 123
60418 60431 151
60435 60474 258
60443 60467 14
60451 60474 139
60476 60524 106
60490 60531 89
60516 60539 261
60535 60578 110
60539 60557 204
60566 60600 160
60570 60592 126
60592 60620 24
60618 60656 208
60633 60657 268
60635 60641 91
60653 60667 298
60681 60710 123
60699 60701 24
60725 60761 43
60734 60775 133
60754 60784 283
60784 60799 97
60812 60850 244
60830 60834 70
60848 60881 1
60849 60865 218
60865 60894 10
60894 60926 232
60897 60944 263
60920 60957 123
60931 60973 71
60936 60984 236
60961 60971 60
60986 60999 185
61006 61014 6
61008 61039 44
61029 61038 161
61039 61059 168
61052 61097 153
61052 61090 213
61080 61107 108
61094 61119 56
61100 61103 245
61122 61139 249
61127 61175 41
61131 61147 231
61154 61179 196
61157 61205 78
61173 61182 279
61195 61241 251
61223 61234 199
61234 61276 299
61242 61259 261
61242 61246 191
61267 61287 258
61297 61325 199
61315 61365 119
61323 61370 212
61351 61365 290
61366 61396 174
61389 61414 36
61408 61443 217
61414 61425 177
61419 61437 224
61448 61449 65
61477 61481 260
61496 61509 16
61522 61562 118
61528 61568 249
61556 61563 17
61575 61597 103
61604 61647 272
61612 61656 108
61621 61642 173
61637 61656 63
61665 61685 158
61693 61696 158
61715 61753 81
61737 61750 9
61750 61775 22
61768 61792 167
61782 61818 196
61783 61828 249
61785 61830 95
61800 61831 146
61813 61830 247
61834 61842 116
61838 61858 140
61860 61871 186
61887 61896 273
61900 61937 75
61920 61938 272
61924 61964 52
61928 61974 173
61941 61957 265
61955 61971 278
61958 61970 278
61981 62012 22
62006 62016 300
62016 62017 83
62032 62043 233
62032 62060 193
62040 62073 235
62065 62085 187
62092 62102 287
62121 62146 159
62129 62170 103
62148 62172 288
62168 62176 220
62195 62232 117
62202 62204 12
62226 62243 184
62228 62246 291
62234 62263 83
62263 62290 139
62289 62307 148
62290 62316 207
62309 62325 92
62312 62320 293
62324 62329 156
62341 62365 145
62345 62388 31
62375 62388 29
62375 62393 133
62404 62420 190
62431 62437 277
62445 62466 171
62453 62466 158
62473 62486 39
62493 62498 155
62507 62548 58
62536 62563 62
62555 62574 54
62570 62599 205
62587 62622 120
62609 62628 82
62614 62652 237
62633 62662 287
62636 62663 149
62651 62685 23
62652 62658 119
62678 62723 37
62702 62703 116
62709 62735 286
62714 62732 137
62723 62725 203
62742 62763 145
62762 62802 269
62773 62802 114
62779 62785 33
62805 62848 17
62833 62861 215
62850 62853 1
62877 62919 106
62902 62943 298
62924 62957 185
62926 62975 138
62948 62991 70
62964 62968 126
62981 62993 292
63008 63035 268
63025 63042 47
63041 63079 197
63061 63097 149
63081 63097 209
63095 63135 217
63095 63143 42
63110 63155 182
63122 63154 87
63144 63163 2
63165 63189 214
63189 63233 3
63218 63265 176
63241 63246 164
63264 63267 300
63266 63268 8
63268 63310 288
63280 63319 112
63300 63343 196
63308 63311 184
63327 63348 214
63348 63358 9
63351 63397 227
63351 63363 111
63365 63368 82
63372 63422 181
63372 63408 173
63398 63445 228
63398 63410 115
63402 63412 252
63432 63457 248
63447 63468 242
63450 63453 228
63464 63477 204
63479 63483 179
63486 63522 120
63490 63539 8
63508 63535 3
63524 63567 108
63527 63567 209
63547 63548 45
63571 63607 89
63583 63620 233
63595 63635 277
63617 63653 4
63625 63630 10
63648 63674 120
63664 63710 92
63687 63688 45
63711 63735 293
63739 63760 42
63743 63766 98
63757 63793 81
63772 63775 285
63797 63808 298
63815 63826 222
63841 63855 229
63867 63876 232
63880 63882 278
63904 63945 13
63931 63968 240
63957 64005 126
63966 64010 175
63978 64000 293
63996 64032 179
64023 64045 293
64045 64082 200
64070 64101 13
64079 64093 81
64099 64131 294
64111 64143 51
64127 64176 98
64155 64178 195
64166 64204 99
64190 64216 57
64211 64237 31
64214 64239 59
64244 64274 166
64257 64302 54
64283 64313 181
64297 64341 239
64298 64343 271
64318 64333 138
64337 64377 113
64356 64382 222
64367 64416 80
64371 64402 287
64400 64446 49
64402 64432 232
64413 64415 154
64427 64445 283
64433 64440 204
64444 64450 93
64464 64488 230
64475 64480 192
64492 64502 156
64492 64540 98
64495 64543 143
64495 64543 137
64517 64540 291
64535 64545 35
64543 64580 139
64551 64552 71
64564 64606 34
64592 64638 54
64612 64613 260
64634 64675 290
64656 64668 168
64672 64702 242
64701 64712 223
64707 64737 49
64721 64727 252
64727 64749 257
64752 64802 202
64763 64791 241
64793 64839 127
64819 64840 79
64832 64864 166
64836 64860 103
64851 64857 293
64856 64885 154
64867 64882 223
64886 64902 32
64915 64949 103
64918 64968 212
64940 64982 262
64954 64993 134
64981 65001 19
65011 65030 204
65036 65047 129
65038 65084 294
65051 65085 290
65060 65102 234
65089 65106 161
65112 65151 250
65132 65142 51
65135 65151 161
65158 65201 269
65181 65231 127
65181 65220 56
65197 65235 258
65216 65253 201
65224 65233 206
65228 65239 12
65253 65260 29
65268 65308 193
65298 65347 296
65321 65366 80
65333 65356 223
65347 65384 158
65351 65374 169
65372 65381 225
65396 65411 139
65404 65416 272
65434 65468 29
65443 65465 75
65468 65489 148
65490 65507 72
65504 65554 129
65519 65540 204
65535 65542 151
65540 65560 29
65566 65615 251
65587 65599 192
65614 65656 133
65634 65669 114
65663 65681 246
65691 65705 220
65704 65750 244
65731 65765 266
65741 65775 89
65771 65813 241
65797 65812 111
65819 65843 20
65824 65831 227
65837 65861 124
65841 65871 132
65851 65891 163
65875 65900 217
65889 65915 138
65902 65939 271
65912 65914 8
65935 65946 133
65963 66002 278
65986 65988 60
65995 65998 42
66022 66049 280
66031 66045 269
66060 66069 49
66079 66115 292
66095 66133 198
66106 66148 35
66131 66181 93
66157 66175 234
66175 66186 122
66179 66210 299
66183 66224 155
66208 66225 264
66222 66254 174
66242 66275 185
66247 66278 111
66253 66255 202
66266 66273 269
66273 66303 208
66273 66306 157
66289 66315 240
66293 66299 8
66299 66308 180
66319 66354 59
66332 66355 138
66334 66351 210
66358 66374 116
66366 66414 125
66373 66379 144
66397 66434 210
66422 66429 101
66431 66457 26
66435 66464 283
66443 66485 156
66470 66487 279
66490 66530 294
66516 66547 247
66521 66523 25
66543 66575 161
66570 66620 260
66599 66602 152
66617 66650 286
66617 66628 249
66633 66675 85
66661 66701 14
66664 66705 92
66691 66697 174
66721 66746 59
66734 66772 6
66736 66744 190
66752 66801 242
66774 66797 289
66774 66811 235
66794 66811 180
66796 66823 59
66805 66851 51
66823 66868 296
66841 66856 273
66841 66849 49
66866 66909 159
66870 66883 40
66883 66931 222
66891 66907 58
66921 66969 274
66927 66961 182
66953 66994 73
66967 66983 158
66991 66997 200
67017 67030 278
67033 67064 241
67059 67087 235
67084 67088 110
67108 67147 232
67120 67159 170
67123 67147 163
67145 67175 112
67156 67159 238
67182 67206 112
67195 67227 199
67203 67208 187
67227 67249 172
67235 67283 58
67257 67284 242
67281 67322 238
67283 67310 292
67308 67329 26
67333 67377 185
67352 67380 111
67353 67403 55
67379 67385 60
67396 67423 126
67411 67439 15
67432 67479 137
67445 67476 186
67469 67507 203
67475 67494 62
67497 67518 250
67527 67568 176
67537 67586 250
67554 67567 196
67558 67588 135
67571 67599 89
67587 67589 138
67603 67646 156
67612 67636 240
67636 67645 193
67665 67670 175
67692 67725 81
67697 67743 54
67706 67710 111
67726 67732 146
67752 67754 211
67759 67803 243
67766 67786 282
67776 67779 171
67787 67833 65
67817 67845 232
67841 67889 212
67845 67849 127
67868 67912 228
67872 67907 67
67884 67891 85
67913 67944 281
67941 67952 68
67963 68007 218
67979 67988 1
67987 67997 211
68000 68044 154
68024 68033 46
68045 68046 39
68050 68055 201
68070 68104 87
68082 68115 8
68099 68147 264
68105 68144 165
68131 68140 297
68139 68141 170
68164 68210 17
68170 68206 24
68174 68188 247
68202 68222 154
68206 68232 172
68207 68243 182
68207 68256 145
68230 68238 38
68240 68277 154
68258 68287 104
68260 68265 252
68271 68276 233
68283 68314 107
68300 68343 259
68329 68357 26
68336 68365 57
68356 68358 87
68356 68377 134
68369 68407 148
68395 68430 144
68402 68436 31
68428 68442 40
68433 68470 230
68439 68474 179
68461 68467 261
68490 68514 258
68515 68516 160
68537 68545 200
68544 68590 133
68574 68615 279
68585 68599 81
68607 68635 256
68624 68665 63
68634 68669 22
68636 68675 42
68663 68678 229
68667 68694 144
68669 68719 192
68679 68686 63
68685 68687 104
68697 68712 215
68708 68758 80
68713 68731 225
68729 68751 220
68736 68753 33
68741 68748 294
68754 68778 184
68755 68761 119
68761 68803 172
68783 68789 285
68797 68841 23
68827 68841 75
68854 68893 170
68860 68866 199
68877 68896 265
68898 68912 27
68919 68931 279
68927 68955 219
68937 68985 207
68958 68999 45
68980 69016 198
69001 69045 214
69022 69050 216
69024 69041 199
69029 69043 93
69032 69056 234
69032 69049 9
69043 69067 110
69071 69091 48
69072 69112 41
69073 69077 71
69078 69089 275
69087 69109 293
69103 69148 229
69110 69127 258
69111 69150 146
69111 69147 22
69134 69159 168
69142 69145 172
69153 69177 166
69168 69218 14
69171 69181 94
69183 69218 14
69200 69233 212
69218 69246 243
69245 69275 199
69247 69280 116
69261 69287 135
69261 69293 62
69291 69307 47
69291 69295 291
69317 69318 103
69345 69387 85
69351 69361 44
69363 69413 213
69384 69414 85
69386 69411 178
69410 69447 210
69421 69468 94
69447 69448 75
69449 69492 277
69450 69470 278
69470 69475 230
69486 69503 174
69489 69502 102
69490 69532 236
69519 69550 290
69528 69552 44
69546 69571 48
69550 69593 270
69580 69620 211
69584 69595 179
69585 69611 178
69613 69625 267
69628 69636 46
69650 69670 152
69650 69667 196
69655 69687 116
69681 69692 269
69699 69709 122
69706 69750 198
69716 69737 158
69731 69758 74
69736 69760 180
69736 69779 9
69756 69766 226
69761 69787 226
69781 69822 204
69801 69814 13
69815 69841 1
69820 69848 77
69848 69864 77
69870 69904 299
69891 69898 61
69908 69940 181
69909 69957 287
69913 69925 33
69914 69930 98
69914 69941 297
69933 69963 17
69943 69947 120
69963 70009 109
69972 70012 207
69983 69986 106
70004 70046 296
70026 70035 24
70054 70070 88
70083 70122 10
70091 70113 101
70110 70157 300
70127 70144 1
70146 70186 91
70173 70182 34
70200 70250 214
70207 70241 107
70236 70256 188
70257 70260 156
70270 70285 252
70275 70277 260
70288 70291 26
70307 70309 151
70309 70344 10
70310 70347 9
70314 70358 245
70335 70382 39
70360 70393 77
70390 70430 287
70411 70424 24
70424 70425 204
70445 70448 298
70473 70491 65
70486 70506 72
70491 70515 189
70504 70547 37
70531 70566 45
70555 70562 154
70569 70579 200
70577 70582 97
70590 70639 234
70610 70641 60
70622 70646 3
70623 70656 174
70644 70649 88
70660 70692 297
70671 70677 262
70697 70735 256
70723 70773 298
70731 70779 237
70736 70768 246
70763 70793 281
70780 70822 185
70805 70831 229
70813 70820 28
70821 70834 44
70849 70898 52
70860 70874 160
70862 70881 210
70866 70909 269
70896 70940 198
70903 70941 51
70923 70934 209
70942 70966 119
70952 70988 72
70961 70988 267
70973 70988 281
70988 71001 116
70996 71026 209
71015 71057 294
71022 71070 161
71034 71036 141
71056 71079 170
71067 71109 109
71093 71136 281
71111 71114 75
71128 71173 155
71134 71145 165
71152 71193 211
71164 71196 197
71189 71208 189
71218 71232 173
71242 71244 121
71270 71318 164
71297 71320 150
71326 71361 141
71352 71382 275
71375 71402 96
71399 71419 54
71428 71471 81
71432 71463 234
71441 71487 51
71463 71475 252
71467 71484 165
71480 71492 182
71497 71519 285
71521 71562 148
71523 71537 287
71530 71562 120
71535 71552 300
71553 71603 152
71573 71623 286
71579 71622 264
71580 71620 50
71592 71618 15
71611 71621 291
71633 71634 300
71649 71678 26
71673 71683 65
71690 71736 23
71720 71733 240
71746 71777 5
71772 71814 281
71782 71828 20
71798 71838 93
71798 71799 130
71802 71818 241
71823 71831 141
71835 71860 288
71853 71866 29
71860 71900 202
71863 71891 220
71870 71892 162
71892 71893 91
71908 71937 55
71912 71930 8
71936 71974 5
71965 72012 190
71992 72016 6
71998 72047 221
72010 72053 140
72024 72041 32
72030 72055 72
72060 72104 170
72064 72071 153
72072 72109 195
72085 72109 14
72114 72133 72
72132 72148 159
72143 72187 71
72160 72164 77
72189 72192 19
72196 72225 160
72221 72224 123
72243 72268 80
72259 72308 6
72288 72337 217
72307 72345 10
72333 72349 64
72352 72382 29
72369 72405 250
72387 72425 138
72402 72427 26
72404 72436 232
72409 72414 202
72419 72443 67
72434 72467 138
72460 72507 114
72483 72519 300
72510 72558 34
72526 72573 21
72533 72578 184
72543 72571 191
72566 72588 238
72571 72593 283
72596 72608 6
72619 72648 207
72646 72685 18
72660 72686 81
72678 72687 7
72695 72703 121
72706 72714 4
72714 72748 244
72727 72748 107
72744 72768 243
72758 72772 211
72779 72807 19
72786 72792 266
72786 72817 273
72791 72807 78
72793 72809 14
72801 72844 205
72812 72844 235
72819 72861 147
72834 72849 6
72846 72870 156
72872 72909 76
72878 72915 113
72907 72928 162
72920 72953 73
72944 72981 260
72948 72957 232
72959 72988 119
72981 72993 282
73003 73022 252
73008 73039 127
73012 73039 144
73036 73057 156
73062 73088 34
73071 73111 271
73083 73131 194
73083 73119 226
73100 73126 257
73104 73145 11
73117 73143 128
73143 73171 248
73158 73198 128
73166 73184 265
73192 73230 275
73209 73248 51
73211 73256 70
73220 73256 113
73236 73261 290
73251 73298 188
73278 73287 35
73286 73331 273
73290 73310 36
73303 73309 253
73304 73321 33
73307 73347 233
73335 73354 34
73349 73367 296
73360 73403 16
73385 73390 8
73398 73400 260
73419 73432 139
73429 73455 199
73429 73442 183
73431 73462 150
73431 73474 267
73450 73495 186
73471 73480 39
73492 73530 90
73518 73539 42
73536 73544 126
73552 73598 163
73574 73615 296
73592 73610 217
73614 73633 237
73624 73632 295
73643 73682 299
73666 73710 156
73674 73704 112
73704 73721 115
73717 73738 131
73738 73780 222
73756 73784 141
73775 73823 15
73783 73796 285
73793 73814 256
73822 73856 197
73842 73858 252
73861 73869 1
73872 73895 194
73876 73900 48
73880 73928 277
73895 73943 262
73922 73933 67
73931 73961 275
73950 73979 160
73959 74000 257
73983 74000 216
73997 74043 240
74022 74070 72
74027 74059 244
74054 74065 92
74054 74104 45
74068 74113 277
74075 74094 243
74087 74131 78
74095 74143 157
74122 74140 15
74142 74145 157
74146 74165 155
74161 74185 198
74177 74200 220
74185 74201 232
74191 74225 184
74198 74220 178
74202 74247 7
74232 74255 42
74256 74269 48
74261 74276 8
74280 74308 125
74290 74340 151
74312 74331 253
74341 74376 146
74350 74378 7
74368 74403 213
74368 74411 95
74389 74402 161
74394 74412 5
74405 74444 269
74430 74457 76
74460 74476 104
74475 74512 198
74502 74528 117
