5000
5 43 278
14 31 64
40 86 179
48 85 97
78 114 297
78 101 21
78 84 38
92 93 55
106 139 248
135 160 109
148 168 32
150 200 295
170 173 213
170 215 80
172 206 6
194 207 232
197 202 162
222 231 140
233 274 44
250 283 154
259 267 34
282 320 273
297 320 14
322 357 118
332 382 74
337 339 200
354 398 229
377 402 48
401 423 133
412 414 265
432 461 40
446 474 11
450 451 53
474 479 22
503 534 106
509 533 83
514 523 73
543 584 236
550 560 89
558 577 136
564 575 130
587 614 126
598 641 31
619 651 117
647 689 91
657 665 6
674 675 95
698 732 217
715 723 277
727 734 110
741 778 89
765 805 283
787 824 169
791 810 212
820 821 235
820 847 290
836 851 80
850 898 264
877 905 195
906 913 188
909 932 54
910 929 265
924 943 40
937 950 132
962 973 122
989 1029 187
1009 1046 122
1022 1027 10
1024 1053 81
1024 1037 264
1031 1067 160
1039 1068 157
1064 1107 10
1076 1113 211
1095 1125 192
1118 1148 274
1138 1147 59
1146 1152 192
1163 1175 11
1192 1204 245
1218 1225 144
1227 1277 162
1255 1272 193
1274 1289 153
1291 1312 271
1318 1354 146
1328 1378 256
1345 1351 81
1350 1372 142
1374 1385 259
1377 1387 188
1391 1395 158
1395 1435 131
1416 1431 106
1429 1437 103
1433 1438 288
1446 1460 207
1462 1476 209
1471 1495 93
1483 1495 89
1498 1504 14
1505 1540 112
1525 1570 290
1533 1564 2
1545 1582 164
1567 1582 180
1586 1614 220
1587 1603 286
1602 1628 63
1609 1616 18
1624 1671 206
1642 1653 186
1658 1674 255
1679 1713 245
1681 1706 88
1695 1707 285
1709 1743 51
1715 1752 199
1722 1747 147
1730 1770 93
1751 1773 96
1780 1810 139
1789 1807 258
1809 1810 213
1819 1841 224
1834 1841 118
1843 1852 188
1845 1869 97
1868 1882 90
1871 1905 72
1898 1903 28
1909 1924 214
1927 1936 290
1929 1947 152
1942 1986 33
1971 2019 141
1975 1985 110
1995 2003 15
2000 2008 6
2020 2056 31
2043 2070 223
2056 2061 3
2074 2096 31
2083 2130 259
2096 2108 286
2115 2147 102
2122 2146 239
2151 2158 215
2164 2208 220
2189 2236 247
2200 2230 42
2213 2236 127
2235 2272 222
2249 2274 245
2268 2285 275
2268 2274 58
2268 2317 60
2290 2329 16
2318 2325 59
2334 2362 116
2342 2385 245
2343 2377 110
2355 2405 178
2378 2407 9
2391 2429 282
2402 2404 267
2425 2440 126
2453 2489 158
2466 2475 153
2487 2502 297
2498 2515 45
2512 2519 48
2536 2568 123
2560 2568 143
2572 2582 2
2591 2617 291
2603 2636 270
2607 2635 299
2637 2641 71
2648 2691 213
2672 2691 134
2692 2716 141
2717 2766 113
2746 2753 284
2766 2773 203
2774 2788 132
2795 2811 228
2801 2810 23
2804 2848 47
2819 2844 249
2831 2849 219
2855 2897 61
2858 2868 283
2865 2872 145
2891 2908 259
2921 2966 177
2946 2987 15
2970 2979 56
2984 2995 109
2996 3040 70
3021 3046 166
3022 3057 72
3037 3073 173
3049 3092 115
3049 3091 193
3071 3097 3
3078 3084 25
3094 3139 210
3113 3132 105
3122 3130 191
3125 3146 57
3129 3144 89
3151 3183 130
3154 3197 12
3159 3202 216
3189 3196 283
3210 3251 286
3218 3247 159
3232 3261 143
3235 3260 147
3250 3300 137
3258 3289 287
3280 3292 5
3288 3295 94
3318 3357 111
3344 3358 250
3368 3400 14
3397 3435 173
3401 3430 139
3404 3412 171
3411 3457 43
3441 3450 73
3460 3501 179
3475 3508 138
3475 3485 181
3501 3511 69
3506 3549 50
3514 3538 115
3519 3566 236
3547 3568 95
3575 3583 289
3579 3595 241
3598 3607 247
3599 3618 38
3627 3658 143
3635 3676 259
3662 3672 282
3674 3723 18
3681 3728 237
3694 3740 222
3712 3754 133
3742 3790 277
3755 3765 153
3772 3796 170
3791 3813 84
3798 3818 213
3816 3822 204
3830 3874 113
3837 3882 186
3852 3893 224
3862 3894 95
3875 3918 174
3875 3888 298
3880 3930 183
3902 3925 74
3914 3934 259
3943 3992 266
3960 3992 105
3962 3995 23
3962 3987 215
3963 4002 194
3987 3988 203
4017 4043 289
4041 4057 257
4046 4083 110
4055 4075 168
4063 4069 20
4074 4085 237
4093 4138 297
4097 4141 48
4099 4124 189
4122 4156 120
4129 4170 167
4132 4156 181
4147 4181 121
4174 4182 118
4199 4202 182
4216 4238 165
4223 4260 102
4223 4260 58
4241 4276 230
4263 4294 125
4284 4324 150
4311 4358 225
4316 4350 32
4329 4368 39
4337 4352 245
4367 4392 204
4385 4415 255
4401 4440 288
4420 4438 13
4431 4435 87
4461 4486 62
4481 4487 208
4500 4515 71
4525 4538 274
4554 4566 140
4562 4596 49
4582 4583 100
4596 4611 12
4604 4640 234
4610 4654 33
4639 4651 207
4641 4674 286
4642 4646 185
4650 4686 36
4672 4702 103
4688 4728 29
4714 4723 271
4731 4748 150
4746 4751 18
4752 4800 74
4767 4812 82
4779 4788 271
4795 4818 24
4813 4854 89
4817 4827 90
4825 4856 199
4833 4842 272
4855 4881 32
4869 4918 82
4882 4915 110
4907 4953 205
4912 4943 276
4937 4945 118
4950 4983 7
4951 4979 203
4963 5008 103
4984 4989 265
4994 5012 246
5000 5043 171
5030 5077 67
5059 5097 154
5074 5086 209
5097 5119 76
5102 5137 61
5130 5153 114
5136 5151 21
5165 5182 300
5178 5195 37
5185 5190 282
5215 5239 159
5229 5275 160
5242 5284 46
5263 5299 3
5269 5299 85
5273 5313 75
5289 5326 20
5289 5316 40
5308 5340 241
5323 5358 79
5327 5371 126
5341 5356 134
5369 5388 181
5399 5408 193
5399 5407 24
5420 5467 194
5424 5438 22
5438 5461 207
5449 5475 181
5460 5499 21
5471 5504 27
5481 5525 122
5511 5551 276
5512 5516 82
5533 5577 20
5539 5574 101
5549 5580 141
5577 5608 99
5593 5630 182
5622 5645 274
5643 5654 164
5656 5689 108
5686 5694 252
5692 5732 21
5693 5732 203
5707 5752 39
5734 5742 47
5743 5791 289
5746 5790 22
5766 5782 225
5777 5820 130
5792 5796 256
5812 5862 276
5836 5847 93
5837 5872 277
5842 5851 166
5850 5867 161
5866 5880 214
5872 5897 274
5887 5895 181
5888 5919 58
5914 5928 158
5927 5961 174
5949 5993 279
5959 5972 229
5962 6009 295
5977 6015 4
5985 6012 1
5998 6004 184
6009 6037 100
6014 6061 266
6037 6078 166
6047 6072 291
6071 6095 183
6100 6127 33
6122 6156 187
6132 6149 98
6158 6178 204
6186 6228 179
6194 6231 162
6211 6257 183
6211 6226 215
6219 6226 280
6244 6273 233
6269 6298 194
6281 6320 29
6289 6305 142
6312 6360 253
6317 6331 283
6331 6374 189
6332 6334 79
6348 6358 13
6351 6391 23
6371 6416 168
6380 6394 158
6400 6434 20
6412 6429 188
6429 6451 38
6456 6472 143
6462 6484 216
6488 6525 237
6498 6521 295
6502 6549 162
6522 6534 284
6539 6545 231
6543 6593 100
6555 6596 42
6567 6581 121
6588 6636 162
6593 6619 90
6598 6601 277
6602 6638 183
6631 6679 82
6632 6654 197
6649 6677 107
6657 6691 185
6658 6670 262
6674 6715 18
6679 6708 55
6698 6705 85
6715 6750 136
6731 6743 32
6743 6758 76
6751 6797 186
6777 6788 170
6806 6815 74
6829 6873 286
6849 6891 12
6853 6895 30
6874 6880 102
6876 6917 166
6895 6907 74
6922 6941 83
6930 6969 174
6953 6997 130
6975 6980 204
6989 7014 196
7006 7031 162
7025 7075 130
7035 7062 70
7054 7090 245
7067 7089 93
7072 7086 132
7074 7107 65
7103 7144 192
7129 7159 282
7151 7188 32
7161 7198 207
7183 7199 288
7196 7228 176
7222 7239 3
7228 7233 285
7252 7298 211
7270 7281 10
7285 7329 290
7293 7340 69
7294 7318 39
7318 7358 137
7343 7385 267
7365 7408 210
7385 7420 208
7407 7430 296
7417 7445 300
7443 7485 93
7463 7474 198
7474 7483 250
7495 7522 236
7518 7548 5
7534 7579 37
7548 7562 241
7573 7591 192
7599 7607 217
7622 7670 80
7646 7684 150
7646 7682 273
7673 7676 139
7700 7720 277
7703 7738 225
7731 7742 299
7741 7767 154
7746 7785 283
7746 7774 32
7749 7785 150
7778 7792 294
7791 7824 82
7816 7819 215
7827 7854 20
7827 7868 113
7837 7866 196
7853 7884 123
7875 7902 176
7896 7898 37
7926 7957 161
7942 7966 126
7969 8002 73
7988 8031 41
8011 8039 116
8025 8063 123
8037 8072 87
8039 8057 109
8068 8069 248
8089 8105 167
8115 8131 73
8132 8150 235
8162 8185 61
8182 8183 256
8188 8195 25
8211 8217 235
8237 8285 98
8249 8289 155
8277 8290 236
8280 8324 68
8282 8312 300
8310 8321 237
8328 8329 222
8344 8353 270
8345 8384 69
8367 8381 196
8383 8395 136
8386 8408 129
8406 8407 286
8426 8444 216
8437 8464 273
8457 8468 2
8472 8473 67
8480 8512 39
8484 8512 247
8497 8533 18
8510 8512 4
8538 8557 240
8546 8577 145
8554 8574 246
8561 8572 3
8583 8611 31
8601 8633 258
8606 8643 38
8611 8651 123
8611 8655 171
8623 8646 260
8635 8655 63
8655 8670 288
8664 8710 265
8687 8699 192
8693 8705 264
8711 8737 124
8719 8731 264
8748 8765 143
8750 8793 44
8780 8805 121
8800 8816 273
8807 8811 223
8825 8858 212
8851 8882 207
8879 8918 31
8908 8915 281
8929 8964 78
8951 8998 14
8965 8999 294
8975 8991 143
8994 9017 89
9004 9028 145
9027 9029 132
9056 9075 23
9056 9060 284
9059 9073 216
9069 9088 145
9078 9114 20
9079 9088 278
9089 9095 151
9107 9111 234
9109 9131 6
9118 9121 48
9140 9168 143
9156 9171 113
9159 9198 5
9168 9199 154
9196 9198 74
9218 9225 298
9223 9251 184
9242 9257 110
9270 9281 171
9277 9290 195
9299 9310 93
9326 9330 186
9351 9358 259
9374 9407 160
9391 9412 227
9408 9434 177
9414 9444 57
9441 9460 148
9470 9506 11
9478 9494 181
9503 9536 169
9524 9573 36
9539 9560 111
9547 9570 61
9562 9582 203
9562 9599 222
9582 9612 68
9596 9611 63
9608 9617 290
9611 9654 58
9633 9646 280
9662 9672 244
9674 9723 105
9676 9724 73
9691 9692 115
9719 9736 253
9724 9739 39
9732 9755 175
9747 9774 236
9757 9797 239
9780 9810 157
9805 9811 61
9818 9855 183
9838 9873 109
9859 9899 280
9880 9913 95
9887 9901 248
9898 9903 278
9898 9926 102
9914 9940 8
9915 9945 267
9936 9955 226
9943 9953 34
9946 9968 1
9973 10006 12
9988 10012 15
9999 10030 178
10012 10048 81
10031 10034 144
10054 10099 115
10054 10088 277
10083 10096 192
10104 10144 291
10132 10141 11
10160 10167 259
10165 10172 1
10179 10185 265
10182 10199 171
10185 10213 238
10189 10201 128
10206 10251 107
10231 10264 197
10233 10258 220
10257 10266 276
10267 10303 74
10275 10312 218
10292 10320 159
10293 10329 51
10293 10343 253
10319 10335 57
10329 10379 2
10349 10386 251
10377 10407 153
10378 10426 144
10406 10440 252
10430 10438 152
10432 10449 156
10457 10495 258
10478 10515 51
10485 10532 27
10515 10547 188
10519 10533 195
10530 10562 236
10550 10580 167
10565 10570 239
10587 10601 115
10601 10613 86
10606 10634 92
10633 10659 206
10656 10696 215
10660 10685 56
10686 10730 284
10716 10753 285
10733 10738 160
10736 10746 230
10763 10786 226
10773 10778 123
10796 10818 166
10801 10842 49
10817 10834 276
10826 10829 86
10833 10855 239
10833 10857 164
10846 10848 209
10874 10887 235
10904 10936 113
10907 10944 75
10914 10947 109
10932 10949 198
10934 10949 89
10963 11001 41
10979 11022 26
10997 11025 95
11022 11046 42
11025 11030 244
11032 11056 291
11036 11047 111
11040 11081 284
11057 11101 216
11079 11087 89
11094 11132 235
11122 11168 269
11145 11173 214
11161 11183 241
11178 11181 173
11208 11234 103
11236 11250 236
11263 11292 120
11286 11322 112
11307 11324 55
11325 11348 3
11330 11351 267
11346 11393 100
11361 11381 241
11371 11414 126
11373 11418 237
11395 11406 263
11396 11428 99
11416 11445 118
11435 11484 92
11443 11449 19
11470 11495 226
11473 11520 48
11473 11501 45
11476 11514 272
11490 11511 149
11502 11542 196
11529 11562 5
11540 11583 142
11544 11571 58
11559 11573 9
11576 11581 160
11599 11645 300
11608 11638 82
11629 11673 299
11636 11648 300
11666 11691 156
11671 11698 114
11683 11702 222
11705 11715 114
11711 11718 61
11734 11735 151
11751 11790 255
11768 11789 118
11771 11779 237
11792 11819 46
11794 11826 202
11820 11831 75
11839 11879 154
11840 11885 11
11844 11860 123
11869 11893 70
11892 11937 165
11914 11949 175
11916 11963 67
11926 11959 120
11939 11957 161
11968 11986 132
11987 11991 36
11995 12027 290
12017 12022 2
12019 12043 186
12041 12071 180
12042 12050 246
12047 12094 9
12053 12070 219
12083 12106 203
12112 12133 132
12137 12163 248
12163 12180 62
12192 12231 63
12205 12230 47
12231 12281 10
12234 12263 4
12248 12294 193
12266 12283 296
12273 12293 11
12282 12312 117
12290 12299 255
12317 12325 199
12339 12388 8
12347 12352 248
12365 12405 231
12370 12372 262
12376 12412 56
12382 12417 29
12382 12401 292
12404 12421 14
12405 12416 160
12408 12422 197
12420 12450 269
12450 12485 165
12475 12516 41
12499 12526 148
12505 12516 144
12516 12563 169
12523 12570 13
12531 12570 247
12542 12554 152
12557 12575 85
12574 12586 246
12579 12610 292
12609 12657 123
12621 12622 193
12632 12659 128
12639 12646 168
12665 12701 232
12695 12742 197
12719 12768 190
12742 12780 203
12763 12800 157
12782 12783 154
12812 12839 251
12820 12824 7
12847 12853 146
12874 12875 298
12881 12925 64
12902 12950 80
12904 12908 217
12923 12953 165
12948 12965 32
12948 12955 125
12954 12990 161
12983 13011 194
12990 13025 126
13004 13031 144
13033 13037 246
13050 13080 299
13056 13064 41
13080 13104 215
13106 13128 148
13117 13149 58
13129 13169 124
13139 13176 184
13145 13160 300
13173 13206 16
13182 13203 59
13195 13240 69
13216 13243 87
13230 13251 84
13254 13271 110
13258 13289 100
13277 13299 52
13277 13321 103
13294 13318 54
13302 13338 174
13303 13332 26
13317 13323 284
13337 13366 16
13352 13384 214
13355 13395 105
13362 13376 267
13367 13380 176
13376 13422 207
13385 13407 163
13407 13450 233
13425 13463 10
13444 13469 192
13463 13474 208
13480 13506 232
13503 13506 158
13524 13549 37
13544 13567 185
13548 13597 176
13549 13581 53
13561 13592 187
13590 13632 126
13615 13647 211
13643 13659 114
13659 13706 176
13667 13694 293
13694 13744 219
13695 13702 65
13696 13715 11
13696 13727 95
13713 13740 171
13717 13722 192
13746 13754 210
13764 13766 93
13777 13791 65
13801 13827 131
13831 13852 159
13855 13897 156
13871 13897 190
13897 13936 133
13927 13961 260
13940 13968 286
13966 13975 206
13980 14023 199
14004 14025 9
14018 14030 136
14041 14078 55
14043 14086 263
14061 14101 128
14081 14108 59
14089 14090 190
14112 14160 72
14132 14152 18
14151 14180 222
14179 14197 111
14187 14188 81
14207 14219 59
14232 14241 211
14242 14277 178
14247 14275 207
14266 14291 243
14275 14293 211
14305 14349 13
14335 14376 51
14350 14352 161
14375 14401 109
14397 14421 268
14410 14436 26
14426 14464 269
14437 14473 227
14465 14499 81
14492 14496 153
14502 14544 108
14510 14526 42
14539 14574 277
14558 14576 71
14580 14595 127
14587 14625 254
14612 14645 25
14637 14673 235
14654 14701 296
14684 14724 104
14714 14732 81
14743 14782 3
14756 14800 103
14774 14796 137
14804 14832 193
14820 14825 133
14843 14881 177
14853 14871 183
14872 14914 47
14886 14924 137
14893 14897 89
14919 14952 133
14933 14958 269
14938 14950 54
14959 14989 242
14988 15005 70
15010 15027 260
15036 15080 26
15039 15075 70
15053 15062 165
15062 15105 57
15080 15123 163
15096 15146 109
15121 15163 206
15132 15175 128
15152 15156 38
15169 15201 216
15181 15183 99
15196 15227 151
15207 15234 188
15214 15263 127
15244 15253 34
15271 15309 137
15283 15294 264
15288 15335 180
15302 15334 156
15307 15340 94
15317 15344 23
15323 15346 30
15323 15345 164
15337 15342 274
15338 15345 260
15362 15407 208
15370 15417 125
15375 15380 227
15379 15387 218
15401 15429 206
15402 15411 227
15416 15429 226
15445 15481 197
15455 15475 256
15455 15502 108
15458 15508 276
15471 15497 43
15475 15506 136
15477 15518 105
15506 15538 24
15519 15532 44
15526 15540 57
15553 15579 27
15576 15589 206
15583 15585 168
15593 15618 241
15615 15656 212
15629 15674 298
15632 15633 6
15641 15669 154
15645 15689 156
15671 15691 253
15676 15678 152
15696 15714 92
15712 15718 23
15729 15738 143
15748 15794 267
15765 15807 104
15771 15820 277
15771 15804 255
15785 15827 219
15785 15826 250
15792 15824 20
15809 15854 188
15820 15848 220
15823 15838 120
15847 15874 228
15856 15902 235
15856 15859 137
15870 15917 299
15893 15917 64
15921 15948 18
15943 15965 130
15973 16021 17
15998 16026 211
16001 16025 7
16008 16009 90
16030 16053 162
16037 16081 19
16057 16059 107
16059 16062 167
16062 16086 127
16069 16091 196
16076 16120 269
16080 16123 83
16100 16126 30
16115 16121 187
16123 16150 69
16148 16151 213
16149 16168 197
16149 16158 28
16158 16182 88
16167 16171 285
16182 16201 154
16194 16217 271
16212 16256 152
16217 16261 267
16229 16243 80
16253 16290 138
16276 16316 235
16298 16304 189
16326 16343 164
16343 16362 252
16345 16375 6
16363 16370 281
16379 16384 15
16393 16434 6
16398 16409 294
16425 16450 3
16449 16489 95
16460 16490 178
16482 16530 125
16510 16528 152
16528 16542 123
16529 16574 248
16543 16564 284
16554 16586 28
16558 16596 128
16582 16589 44
16586 16600 292
16600 16620 257
16610 16620 39
16640 16678 124
16647 16694 55
16655 16694 132
16668 16690 32
16676 16691 55
16677 16684 30
16692 16716 14
16706 16727 96
16706 16715 139
16716 16763 149
16735 16761 214
16736 16777 36
16745 16771 279
16760 16776 224
16774 16821 140
16794 16819 190
16808 16835 87
16814 16846 296
16842 16847 170
16863 16865 211
16876 16913 75
16891 16916 7
16911 16914 11
16919 16967 187
16938 16957 178
16939 16956 230
16953 16963 134
16972 16978 142
16996 17033 130
17018 17061 208
17033 17069 202
17043 17050 9
17068 17111 215
17078 17090 155
17101 17120 198
17104 17153 279
17125 17171 200
17155 17204 41
17156 17178 147
17158 17201 159
17181 17222 196
17183 17195 142
17184 17203 22
17201 17243 295
17207 17240 236
17232 17252 54
17257 17270 299
17285 17302 203
17299 17312 227
17319 17340 244
17320 17347 142
17350 17400 183
17368 17375 270
17385 17407 89
17410 17455 152
17434 17472 105
17443 17470 66
17447 17448 293
17449 17461 69
17458 17495 247
17479 17518 133
17501 17521 108
17507 17531 9
17521 17542 260
17534 17539 210
17555 17568 209
17561 17577 179
17568 17617 66
17598 17625 243
17619 17627 226
17620 17636 161
17636 17659 17
17664 17696 59
17676 17708 206
17692 17740 174
17718 17767 24
17740 17752 162
17740 17747 164
17763 17772 275
17781 17821 223
17808 17824 140
17820 17822 183
17820 17868 148
17820 17870 221
17825 17857 43
17833 17879 68
17854 17887 73
17868 17871 212
17879 17923 297
17898 17929 1
17923 17925 61
17923 17973 154
17943 17973 298
17945 17960 281
17973 17993 239
17992 18031 208
17994 18039 119
18023 18055 269
18025 18065 63
18052 18070 210
18077 18113 174
18082 18107 159
18108 18135 110
18117 18142 31
18140 18146 78
18148 18155 219
18166 18171 139
18195 18245 243
18217 18218 203
18227 18256 109
18234 18246 106
18242 18286 245
18272 18317 288
18296 18326 87
18311 18329 140
18315 18356 279
18341 18380 89
18345 18358 178
18358 18390 149
18378 18400 293
18396 18403 118
18425 18449 139
18445 18454 127
18456 18498 149
18463 18495 278
18474 18521 69
18474 18520 155
18484 18498 65
18484 18515 133
18514 18523 160
18516 18554 15
18542 18564 228
18566 18611 118
18575 18606 32
18576 18609 249
18605 18612 194
18632 18667 160
18636 18650 22
18641 18665 163
18661 18682 35
18664 18691 95
18692 18736 158
18701 18714 122
18721 18754 272
18743 18769 82
18745 18753 176
18760 18802 282
18776 18782 205
18788 18833 45
18805 18829 300
18832 18862 106
18858 18865 15
18882 18894 206
18909 18920 82
18935 18954 122
18953 19003 183
18983 19028 61
18999 19002 209
19026 19066 276
19044 19053 59
19061 19085 231
19066 19069 275
19083 19106 102
19100 19132 92
19116 19140 231
19131 19179 160
19159 19194 248
19177 19200 257
19200 19244 176
19210 19227 254
19234 19283 80
19254 19284 180
19263 19308 9
19267 19304 161
19295 19345 39
19305 19338 10
19333 19368 162
19340 19350 34
19364 19398 289
19366 19398 44
19380 19418 215
19399 19419 27
19421 19422 258
19421 19444 279
19433 19469 116
19457 19471 126
19475 19512 195
19491 19493 12
19508 19548 250
19509 19525 142
19522 19541 175
19548 19578 190
19562 19602 202
19566 19612 152
19590 19628 107
19603 19637 294
19603 19614 232
19613 19660 110
19635 19662 143
19635 19647 232
19646 19656 298
19672 19680 253
19682 19684 10
19707 19743 260
19726 19761 63
19736 19768 295
19740 19746 41
19751 19800 145
19757 19777 18
19783 19808 167
19800 19840 136
19825 19861 13
19846 19889 101
19876 19912 147
19902 19908 18
19930 19945 282
19943 19969 131
19947 19984 88
19960 19999 6
19971 20005 254
19979 19995 263
19992 20016 34
20014 20047 49
20018 20044 273
20041 20089 17
20049 20089 286
20072 20118 209
20095 20104 208
20117 20145 237
20141 20143 133
20151 20190 231
20180 20183 189
20205 20211 294
20219 20269 76
20223 20245 54
20251 20274 137
20260 20298 70
20290 20337 206
20294 20321 229
20296 20314 242
20296 20321 120
20315 20361 203
20325 20337 50
20344 20351 62
20344 20345 290
20355 20390 82
20368 20397 225
20379 20427 39
20386 20433 77
20404 20454 24
20408 20427 13
20417 20452 142
20422 20427 88
20425 20430 265
20429 20474 291
20437 20449 71
20443 20478 95
20445 20483 36
20468 20482 28
20496 20521 135
20510 20543 39
20531 20568 247
20547 20559 281
20568 20597 160
20584 20622 270
20589 20592 244
20605 20649 166
20616 20630 268
20628 20676 183
20658 20673 115
20688 20721 154
20693 20706 35
20723 20772 231
20747 20790 172
20756 20788 298
20778 20828 159
20795 20834 230
20796 20815 230
20812 20843 207
20842 20853 155
20846 20857 35
20846 20872 183
20865 20889 72
20892 20941 81
20912 20939 26
20924 20929 24
20944 20992 290
20955 20971 231
20972 21018 64
20976 21014 2
20993 21003 296
21014 21017 83
21038 21062 60
21060 21085 261
21079 21103 197
21093 21108 297
21110 21139 114
21126 21175 10
21126 21173 210
21136 21185 270
21142 21152 30
21170 21202 53
21173 21200 282
21183 21206 262
21209 21218 264
21238 21246 250
21243 21271 217
21244 21282 167
21273 21312 266
21297 21326 264
21313 21326 66
21329 21354 81
21358 21404 25
21359 21378 275
21359 21360 176
21387 21399 27
21402 21432 165
21406 21415 1
21413 21432 231
21428 21473 103
21455 21501 109
21477 21509 66
21478 21528 71
21496 21506 112
21512 21550 264
21536 21554 242
21565 21570 259
21588 21608 103
21604 21644 220
21621 21651 14
21632 21651 61
21661 21674 267
21679 21718 119
21690 21739 191
21710 21721 93
21733 21744 297
21757 21783 77
21779 21786 181
21789 21790 267
21792 21832 77
21812 21852 229
21813 21818 170
21839 21880 291
21857 21881 178
21873 21874 136
21897 21928 210
21905 21908 248
21917 21932 42
21939 21967 179
21948 21975 161
21951 21971 67
21958 21968 3
21963 21998 117
21984 22019 27
21986 22005 275
21992 22002 252
22002 22019 251
22014 22027 175
22025 22028 130
22032 22058 115
22040 22052 68
22052 22095 212
22076 22092 108
22079 22122 237
22104 22119 275
22122 22137 177
22141 22145 161
22150 22162 34
22164 22169 178
22194 22216 167
22196 22233 59
22222 22234 235
22229 22240 9
22252 22302 169
22276 22306 196
22306 22316 147
22319 22366 36
22347 22357 248
22375 22415 69
22382 22402 131
22410 22438 18
22423 22449 49
22449 22465 94
22471 22490 125
22472 22474 250
22486 22487 226
22516 22551 166
22532 22576 76
22535 22548 205
22545 22555 258
22563 22596 13
22567 22604 133
22573 22576 296
22600 22615 233
22616 22633 8
22628 22643 2
22643 22669 224
22666 22686 39
22672 22709 109
22682 22696 192
22684 22717 3
22705 22710 219
22709 22724 212
22724 22737 297
22754 22759 198
22776 22789 36
22805 22811 249
22822 22824 247
22838 22851 212
22839 22848 234
22851 22892 225
22880 22889 245
22907 22910 211
22924 22951 203
22931 22943 167
22940 22960 15
22953 22961 125
22958 22999 182
22975 23024 253
22991 23019 214
23006 23016 141
23012 23061 26
23030 23058 86
23043 23078 156
23044 23046 34
23046 23055 60
23064 23070 287
23069 23106 63
23074 23113 193
23099 23135 221
23121 23131 219
23148 23189 104
23152 23153 45
23181 23223 269
23198 23214 207
23224 23258 169
23241 23247 189
23267 23278 295
23287 23329 198
23291 23340 204
23308 23354 201
23327 23363 290
23335 23348 52
23349 23375 236
23356 23382 45
23379 23422 24
23401 23415 119
23427 23475 15
23454 23484 187
23473 23508 43
23481 23502 138
23490 23536 132
23512 23540 15
23536 23547 2
23544 23573 208
23574 23606 253
23595 23602 98
23610 23657 224
23630 23654 264
23642 23668 131
23655 23658 148
23668 23696 32
23672 23702 225
23694 23725 206
23722 23736 113
23743 23790 80
23752 23785 64
23776 23815 215
23780 23789 170
23788 23805 127
23810 23824 144
23837 23875 164
23840 23882 167
23861 23873 77
23891 23937 194
23920 23957 283
23938 23988 206
23948 23965 197
23973 23988 72
23976 23986 17
23999 24038 159
24025 24053 262
24039 24041 6
24054 24072 7
24066 24090 169
24086 24111 218
24099 24105 295
24103 24148 192
24105 24144 14
24126 24163 200
24129 24169 246
24131 24175 246
24154 24171 83
24178 24205 236
24187 24235 84
24215 24230 251
24238 24241 289
24239 24243 68
24252 24282 74
24263 24311 140
24266 24301 22
24271 24316 217
24275 24285 213
24283 24299 33
24291 24334 31
24295 24316 39
24306 24312 26
24332 24366 66
24343 24386 63
24367 24401 29
24373 24401 46
24402 24412 35
24423 24435 39
24435 24482 89
24462 24488 68
24479 24510 124
24502 24528 240
24510 24548 156
24521 24534 93
24545 24588 136
24562 24611 235
24566 24587 86
24593 24617 274
24605 24625 236
24616 24655 21
24635 24651 5
24640 24655 2
24665 24694 119
24680 24708 174
24706 24729 170
24732 24754 134
24749 24788 295
24769 24770 214
24779 24788 115
24786 24805 171
24797 24803 286
24806 24835 120
24830 24873 127
24841 24887 191
24864 24912 191
24873 24916 233
24884 24934 88
24907 24949 16
24917 24961 258
24936 24980 243
24966 24980 287
24991 25030 1
25011 25034 143
25029 25059 180
25038 25039 62
25049 25067 297
25078 25107 139
25101 25116 238
25115 25145 246
25145 25174 141
25145 25163 48
25146 25176 177
25165 25184 29
25172 25215 104
25177 25186 31
25191 25209 211
25200 25240 171
25207 25248 89
25218 25236 155
25247 25256 59
25271 25314 62
25297 25315 95
25318 25341 273
25324 25371 54
25351 25357 208
25352 25399 163
25352 25380 114
25371 25373 46
25399 25443 248
25402 25412 181
25429 25449 242
25438 25473 177
25464 25498 3
25479 25509 166
25482 25532 177
25492 25540 82
25506 25546 63
25525 25542 69
25548 25567 37
25561 25596 41
25574 25607 298
25577 25581 169
25589 25596 78
25618 25662 157
25622 25636 286
25638 25676 140
25661 25696 151
25663 25688 56
25682 25728 287
25696 25720 158
25703 25731 91
25704 25743 43
25708 25745 146
25726 25730 242
25734 25744 170
25751 25756 51
25773 25806 155
25779 25824 199
25806 25818 176
25827 25863 270
25830 25867 292
25853 25895 212
25860 25879 295
25871 25920 3
25900 25905 208
25930 25952 29
25938 25973 169
25965 25967 226
25974 26013 28
25978 26024 57
25989 26015 276
26008 26044 294
26028 26031 52
26035 26082 76
26038 26085 46
26062 26087 268
26074 26103 293
26104 26123 287
26121 26163 51
26124 26151 75
26132 26144 37
26148 26156 53
26165 26195 147
26180 26215 284
26188 26209 282
26207 26231 28
26221 26234 180
26227 26237 38
26249 26270 172
26276 26306 205
26305 26336 156
26308 26310 182
26312 26360 70
26326 26376 10
26347 26350 294
26348 26374 280
26355 26381 254
26383 26393 51
26400 26401 121
26416 26434 193
26424 26432 246
26442 26491 258
26455 26489 226
26457 26498 182
26473 26516 251
26502 26549 297
26531 26540 70
26555 26567 279
26570 26596 53
26578 26586 4
26586 26599 126
26612 26627 159
26621 26622 151
26630 26680 203
26643 26673 103
26663 26664 50
26691 26733 284
26713 26756 294
26731 26761 242
26740 26769 203
26758 26794 70
26784 26814 162
26809 26840 131
26817 26825 115
26831 26868 128
26855 26865 159
26863 26908 23
26889 26924 142
26908 26943 257
26938 26966 270
26941 26966 144
26944 26955 131
26958 26960 181
26968 26985 38
26990 26999 151
26995 27018 110
26996 27027 9
27018 27054 125
27027 27075 99
27056 27070 8
27083 27090 98
27095 27100 194
27103 27143 261
27119 27135 205
27134 27144 251
27157 27203 212
27178 27193 175
27198 27201 148
27222 27248 245
27225 27238 2
27241 27265 235
27261 27264 34
27274 27277 26
27298 27347 152
27316 27346 109
27343 27346 300
27366 27368 60
27382 27392 234
27399 27434 191
27425 27451 212
27446 27463 87
27471 27512 234
27494 27519 44
27501 27504 12
27506 27543 15
27527 27549 289
27533 27544 179
27560 27599 209
27569 27575 284
27594 27614 124
27602 27612 168
27604 27649 151
27626 27671 298
27652 27693 174
27679 27696 27
27683 27710 295
27709 27746 149
27738 27775 208
27744 27774 25
27748 27796 225
27760 27782 37
27777 27810 177
27806 27807 246
27824 27853 193
27828 27868 299
27845 27856 99
27875 27914 11
27879 27909 91
27890 27912 86
27907 27944 253
27929 27962 274
27931 27959 6
27958 27999 17
27964 28014 163
27966 27991 121
27968 27984 46
27997 28040 81
28019 28040 290
28049 28077 159
28079 28085 251
28096 28113 42
28123 28172 69
28135 28181 109
28159 28201 51
28159 28203 295
28177 28213 129
28193 28226 181
28204 28235 248
28223 28224 227
28229 28263 291
28242 28271 162
28255 28281 158
28280 28289 272
28282 28328 195
28308 28342 246
28334 28384 172
28346 28374 17
28369 28386 266
28372 28395 271
28381 28405 254
28390 28436 90
28416 28429 269
28439 28476 296
28451 28459 246
28466 28498 189
28476 28525 179
28481 28508 159
28502 28551 52
28508 28538 231
28531 28561 39
28542 28588 174
28564 28604 243
28564 28590 147
28582 28599 230
28610 28616 245
28613 28662 25
28623 28665 253
28625 28638 257
28646 28675 39
28671 28684 291
28701 28737 207
28716 28729 268
28739 28783 184
28745 28784 21
28752 28776 65
28756 28757 98
28774 28795 6
28775 28796 3
28789 28815 50
28801 28841 178
28815 28842 97
28838 28851 53
28841 28845 226
28851 28889 141
28875 28899 166
28896 28946 178
28899 28906 133
28924 28958 114
28925 28962 106
28926 28928 67
28949 28950 87
28955 28970 203
28964 28991 136
28989 29012 207
29015 29031 145
29019 29041 296
29038 29068 198
29048 29074 94
29066 29100 67
29096 29111 268
29126 29151 201
29138 29185 18
29157 29177 104
29164 29168 285
29188 29198 224
29205 29216 42
29219 29246 197
29241 29252 166
29271 29310 5
29285 29317 228
29308 29356 69
29326 29342 296
29326 29329 233
29349 29366 298
29369 29400 176
29372 29396 150
29377 29403 37
29378 29401 159
29407 29425 268
29414 29431 258
29419 29429 228
29419 29441 293
29434 29450 173
29449 29466 95
29472 29480 293
29501 29518 14
29525 29542 254
29553 29554 242
29556 29586 55
29566 29603 44
29589 29628 254
29613 29657 143
29630 29660 171
29653 29677 40
29677 29683 21
29692 29722 260
29707 29723 239
29733 29776 168
29740 29741 244
29765 29771 264
29792 29830 65
29795 29838 85
29820 29822 132
29841 29858 153
29852 29868 96
29858 29884 56
29872 29915 4
29900 29911 57
29908 29938 210
29935 29950 45
29962 29998 277
29988 29990 8
29991 30016 115
30016 30041 80
30025 30045 180
30027 30028 100
30031 30061 2
30053 30079 20
30069 30087 117
30094 30095 172
30119 30160 23
30147 30148 171
30174 30207 32
30174 30190 291
30174 30203 133
30180 30181 278
30183 30204 272
30184 30186 262
30198 30227 160
30198 30202 63
30220 30240 134
30237 30268 177
30259 30298 17
30289 30309 255
30318 30360 13
30319 30360 170
30335 30384 107
30364 30378 75
30364 30396 285
30391 30439 179
30412 30450 159
30423 30451 21
30424 30454 88
30453 30468 24
30469 30480 277
30488 30489 212
30489 30514 207
30511 30531 202
30518 30533 124
30518 30546 275
30529 30575 121
30552 30596 196
30580 30599 231
30590 30610 115
30611 30654 168
30635 30675 130
30658 30691 163
30685 30710 289
30693 30710 100
30723 30772 276
30749 30784 103
30757 30795 253
30780 30782 13
30803 30843 27
30818 30832 292
30829 30834 160
30842 30887 220
30849 30887 184
30872 30906 116
30892 30920 174
30916 30932 83
30927 30956 249
30940 30981 128
30945 30948 154
30969 31016 58
30996 31009 175
30996 31011 179
31015 31018 152
31028 31035 91
31053 31066 251
31059 31106 165
31086 31109 3
31091 31106 253
31110 31142 50
31121 31159 81
31148 31168 31
31157 31191 23
31169 31193 168
31197 31219 171
31227 31237 20
31237 31239 30
31239 31251 15
31243 31286 193
31248 31278 38
31269 31306 218
31293 31298 113
31320 31341 286
31323 31337 70
31331 31342 88
31351 31360 133
31357 31372 14
31362 31373 263
31365 31385 33
31389 31410 68
31414 31439 52
31432 31467 256
31446 31475 281
31456 31482 295
31482 31500 240
31511 31522 76
31527 31560 103
31553 31589 137
31567 31568 246
31583 31602 53
31604 31654 103
31621 31669 283
31628 31629 234
31648 31658 293
31676 31702 169
31686 31713 101
31691 31694 23
31695 31723 59
31699 31737 44
31718 31766 264
31721 31750 259
31748 31773 181
31770 31807 78
31776 31814 93
31799 31835 213
31801 31818 13
31812 31818 88
31819 31822 261
31844 31893 280
31844 31861 273
31860 31879 9
31880 31925 83
31899 31946 31
31918 31931 2
31918 31937 147
31920 31953 53
31929 31963 132
31944 31992 99
31970 31992 63
31971 32018 102
31973 32004 125
31988 31999 175
32015 32031 14
32019 32020 105
32034 32053 146
32034 32044 47
32037 32049 84
32043 32093 121
32057 32095 79
32066 32104 91
32069 32107 16
32089 32101 57
32097 32100 142
32106 32135 114
32114 32120 17
32114 32131 103
32134 32142 156
32144 32171 176
32152 32172 171
32182 32188 123
32212 32215 271
32241 32273 34
32258 32302 106
32260 32282 290
32279 32283 128
32283 32305 117
32299 32348 233
32307 32345 135
32318 32320 51
32327 32335 129
32354 32361 6
32380 32395 124
32406 32445 160
32432 32471 148
32440 32449 242
32456 32499 185
32480 32487 269
32486 32521 11
32498 32545 277
32508 32557 27
32538 32580 236
32567 32600 143
32586 32601 63
32605 32616 201
32627 32628 68
32651 32693 29
32659 32671 244
32673 32699 38
32687 32692 105
32692 32712 82
32713 32739 19
32736 32738 119
32762 32803 87
32786 32792 99
32799 32807 148
32816 32842 161
32816 32819 190
32834 32859 89
32839 32871 140
32840 32861 74
32860 32877 170
32874 32891 67
32878 32908 273
32883 32900 29
32910 32958 272
32912 32920 74
32919 32929 242
32922 32953 191
32938 32951 38
32941 32949 162
32942 32958 298
32944 32970 228
32949 32952 185
32975 33009 69
32982 32984 160
32992 33014 105
33014 33045 287
33021 33051 103
33050 33070 95
33061 33069 59
33072 33117 290
33083 33128 5
33090 33106 128
33097 33107 224
33125 33142 32
33139 33161 92
33169 33209 130
33177 33180 95
33196 33197 34
33207 33221 233
33237 33248 297
33264 33269 4
33272 33277 52
33290 33325 109
33316 33346 16
33330 33358 3
33345 33380 144
33365 33379 23
33394 33444 153
33394 33399 294
33424 33425 48
33436 33447 12
33443 33484 68
33463 33488 185
33486 33496 224
33504 33523 23
33512 33516 26
33513 33526 297
33520 33546 150
33527 33550 32
33553 33570 246
33572 33585 258
33583 33590 35
33587 33624 142
33588 33605 281
33599 33605 150
33604 33628 294
33606 33640 35
33632 33665 8
33660 33704 201
33678 33710 99
33685 33702 260
33691 33728 38
33715 33754 133
33738 33785 110
33763 33809 184
33785 33822 299
33804 33843 98
33806 33820 285
33815 33822 294
33843 33858 130
33849 33874 112
33850 33899 251
33877 33917 151
33893 33914 23
33904 33910 28
33921 33968 92
33926 33949 38
33929 33953 121
33935 33975 124
33946 33947 300
33968 33987 61
33986 33987 201
33994 34031 126
34009 34056 198
34026 34057 3
34030 34033 78
34034 34054 209
34063 34067 47
34093 34097 98
34094 34140 99
34109 34156 56
34134 34148 271
34144 34166 85
34153 34186 2
34153 34195 255
34158 34161 138
34173 34176 268
34195 34228 300
34217 34267 294
34226 34239 4
34235 34265 143
34240 34273 210
34245 34271 238
34275 34304 255
34278 34316 64
34280 34325 105
34295 34302 244
34301 34306 179
34303 34328 36
34330 34370 249
34331 34367 57
34347 34366 87
34368 34372 105
34397 34414 201
34412 34416 274
34436 34452 2
34464 34508 17
34469 34509 52
34497 34534 298
34518 34536 70
34531 34573 283
34552 34587 155
34569 34603 18
34575 34598 145
34579 34628 189
34582 34609 252
34595 34609 65
34600 34643 3
34603 34639 80
34620 34630 271
34642 34647 209
34662 34696 71
34684 34709 66
34698 34701 188
34711 34756 67
34719 34722 259
34725 34733 112
34740 34744 220
34757 34765 274
34779 34789 111
34782 34796 188
34791 34835 208
34821 34866 173
34829 34854 203
34839 34886 15
34860 34871 46
34879 34910 98
34880 34914 135
34901 34937 107
34919 34959 88
34930 34960 47
34960 35002 20
34979 34982 290
34992 35030 220
35004 35052 127
35014 35030 39
35033 35079 61
35063 35085 249
35075 35100 169
35077 35103 40
35087 35091 3
35088 35118 40
35109 35142 126
35114 35133 233
35143 35185 160
35163 35176 147
35181 35229 205
35191 35195 2
35208 35250 45
35225 35243 280
35232 35236 229
35238 35278 13
35256 35298 127
35262 35271 201
35270 35277 300
35279 35307 243
35279 35320 267
35307 35312 224
35314 35333 243
35320 35333 170
35334 35379 56
35362 35375 94
35370 35406 215
35378 35423 127
35396 35429 9
35426 35439 60
35427 35461 62
35431 35472 133
35446 35483 83
35463 35506 96
35483 35484 117
35487 35488 75
35516 35566 184
35521 35537 50
35527 35531 289
35547 35565 107
35573 35599 158
35582 35623 115
35607 35643 29
35615 35643 60
35644 35670 145
35647 35681 184
35670 35686 192
35679 35694 84
35707 35728 82
35711 35747 32
35717 35738 113
35729 35749 112
35742 35780 214
35766 35799 21
35777 35781 247
35787 35791 19
35814 35826 300
35826 35871 280
35843 35890 63
35853 35888 53
35880 35926 216
35891 35924 222
35918 35950 280
35933 35948 134
35942 35981 86
35951 35997 33
35966 35979 77
35991 36030 99
36006 36010 242
36020 36027 268
36043 36092 148
36065 36069 147
36078 36083 25
36094 36116 57
36121 36149 136
36121 36134 40
36148 36174 212
36157 36168 72
36165 36170 180
36195 36220 196
36215 36216 132
36227 36271 122
36239 36254 102
36265 36288 135
36275 36295 199
36280 36299 129
36305 36306 95
36314 36346 25
36325 36355 23
36331 36359 98
36351 36383 100
36353 36394 223
36375 36388 267
36381 36391 188
36389 36404 295
36398 36410 266
36418 36424 278
36441 36460 275
36466 36471 163
36469 36485 111
36470 36484 148
36472 36515 193
36500 36505 148
36528 36542 48
36531 36576 138
36549 36589 291
36559 36564 32
36573 36616 285
36592 36594 288
36621 36622 137
36624 36663 146
36627 36652 235
36645 36681 221
36648 36663 234
36655 36682 76
36683 36717 229
36698 36731 299
36721 36752 261
36730 36762 104
36735 36756 187
36754 36769 230
36756 36800 280
36766 36781 300
36780 36808 38
36799 36840 163
36801 36808 126
36808 36823 156
36821 36868 285
36843 36868 21
36847 36891 105
36862 36892 135
36883 36909 220
36900 36919 55
36910 36922 37
36932 36976 221
36956 36993 33
36968 37001 181
36976 36995 241
36982 37022 147
37003 37041 85
37018 37053 182
37019 37026 15
37036 37050 144
37058 37091 40
37073 37099 22
37077 37115 267
37077 37120 251
37105 37122 234
37117 37164 10
37139 37175 144
37156 37165 33
37170 37189 198
37181 37206 242
37205 37225 170
37228 37247 235
37252 37282 203
37269 37273 100
37286 37307 288
37314 37348 240
37333 37369 264
37358 37375 133
37387 37398 66
37387 37425 30
37413 37445 281
37417 37433 254
37439 37450 45
37461 37472 112
37472 37485 167
37479 37488 12
37483 37506 46
37493 37522 274
37516 37520 12
37528 37577 257
37532 37582 294
37546 37564 161
37555 37577 27
37581 37595 118
37597 37613 32
37625 37666 278
37651 37685 35
37676 37690 22
37688 37722 195
37693 37715 293
37711 37757 261
37720 37724 6
37737 37757 10
37756 37787 47
37766 37802 257
37784 37820 134
37807 37852 177
37832 37853 87
37853 37859 83
37865 37879 200
37882 37900 21
37889 37918 298
37908 37950 151
37912 37941 3
37927 37951 292
37945 37961 272
37960 37963 140
37987 38026 219
37998 38004 286
37998 38034 205
37998 38046 58
38021 38031 65
38046 38052 62
38054 38074 299
38073 38102 44
38101 38123 228
38124 38172 97
38147 38197 300
38173 38221 210
38188 38201 202
38210 38246 221
38229 38269 239
38249 38271 177
38250 38262 238
38276 38300 135
38305 38333 130
38306 38334 3
38322 38340 76
38345 38374 161
38360 38407 64
38377 38408 271
38390 38429 214
38406 38408 272
38432 38472 31
38455 38484 107
38464 38477 226
38493 38511 295
38507 38521 152
38518 38542 153
38520 38548 125
38532 38582 273
38538 38573 51
38541 38577 58
38541 38549 158
38546 38596 109
38549 38570 204
38567 38579 298
38585 38625 126
38595 38635 27
38612 38657 157
38625 38642 200
38645 38663 255
38651 38701 277
38677 38699 99
38699 38745 276
38704 38749 68
38710 38753 33
38727 38764 133
38753 38757 194
38763 38809 268
38767 38769 250
38783 38832 74
38804 38820 164
38828 38844 270
38858 38903 120
38888 38892 288
38914 38921 120
38914 38935 131
38931 38947 59
38942 38973 274
38952 38987 107
38973 38989 129
39002 39036 224
39009 39055 220
39016 39065 279
39016 39032 6
39027 39068 162
39033 39064 171
39033 39073 297
39041 39065 259
39042 39055 201
39065 39090 188
39074 39086 293
39075 39110 233
39077 39086 29
39084 39130 165
39109 39159 261
39122 39140 140
39131 39177 52
39134 39145 102
39139 39156 26
39160 39190 210
39175 39193 46
39197 39238 240
39220 39244 124
39243 39279 82
39248 39296 120
39258 39282 19
39262 39289 219
39274 39311 150
39299 39323 171
39317 39324 35
39321 39366 278
39343 39352 181
39349 39379 78
39349 39390 282
39371 39377 37
39396 39419 27
39413 39414 61
39443 39492 1
39457 39486 155
39461 39462 16
39477 39502 95
39486 39531 246
39508 39530 172
39527 39538 207
39527 39563 43
39539 39540 45
39553 39591 277
39557 39565 18
39586 39622 145
39593 39625 237
39593 39598 172
39598 39612 107
39609 39630 239
39639 39669 55
39658 39700 76
39674 39682 247
39680 39707 54
39688 39715 208
39689 39715 70
39711 39731 16
39729 39730 228
39750 39778 42
39771 39786 83
39784 39832 298
39813 39834 228
39814 39847 193
39819 39865 217
39846 39895 11
39847 39897 286
39867 39886 157
39880 39924 122
39899 39904 136
39928 39939 276
39932 39942 124
39943 39950 221
39958 39976 287
39960 39988 92
39977 39997 29
39979 39982 37
40006 40036 221
40014 40063 78
40022 40040 154
40045 40050 257
40062 40070 44
40072 40101 78
40087 40094 268
40093 40136 262
40096 40146 87
40112 40140 148
40132 40171 112
40162 40205 246
40171 40181 178
40171 40183 14
40174 40217 32
40187 40205 188
40205 40214 298
40235 40241 24
40249 40251 10
40275 40302 120
40302 40303 21
40305 40326 62
40327 40376 296
40352 40393 261
40378 40416 134
40385 40390 107
40392 40404 132
40400 40402 165
40400 40444 192
40408 40418 259
40426 40433 108
40430 40435 56
40458 40495 169
40463 40473 292
40479 40515 16
40484 40493 12
40512 40538 112
40530 40542 103
40552 40579 192
40557 40587 64
40577 40605 81
40603 40616 144
40616 40628 181
40642 40681 127
40647 40690 272
40668 40697 156
40690 40715 40
40706 40709 1
40707 40740 284
40723 40748 41
40733 40735 63
40758 40785 137
40787 40824 251
40810 40829 258
40827 40842 217
40837 40877 38
40849 40850 53
40860 40870 151
40872 40915 181
40899 40910 271
40907 40922 192
40935 40949 292
40951 40992 159
40968 41002 68
40979 41000 213
40982 40985 229
40996 41029 158
41023 41056 289
41049 41096 211
41066 41095 290
41074 41097 177
41080 41090 105
41103 41116 25
41117 41140 286
41123 41134 53
41130 41138 138
41152 41168 76
41163 41171 18
41176 41177 148
41180 41211 48
41204 41206 222
41205 41208 54
41205 41207 254
41234 41265 82
41235 41263 114
41259 41294 227
41282 41311 126
41292 41294 103
41300 41313 184
41317 41347 112
41338 41372 8
41350 41392 222
41353 41365 285
41377 41381 86
41406 41432 123
41431 41475 160
41441 41444 144
41459 41499 183
41480 41501 189
41497 41513 251
41518 41560 225
41545 41548 102
41556 41597 128
41558 41587 277
41586 41619 110
41599 41628 199
41620 41670 264
41633 41652 154
41649 41685 73
41657 41669 15
41670 41681 197
41677 41722 221
41703 41711 128
41710 41727 144
41729 41777 145
41734 41764 113
41735 41779 299
41744 41767 34
41749 41779 287
41779 41786 30
41784 41789 192
41785 41819 279
41786 41810 135
41788 41795 56
41812 41847 89
41816 41848 28
41816 41832 113
41843 41893 287
41858 41874 278
41859 41873 250
41876 41883 271
41888 41899 240
41904 41905 73
41918 41936 169
41931 41969 120
41934 41974 280
41937 41957 111
41946 41968 166
41951 41977 163
41951 41958 208
41975 42012 263
41991 41992 196
42007 42039 146
42019 42059 155
42033 42067 270
42059 42084 222
42074 42116 112
42091 42101 130
42110 42124 56
42120 42137 80
42126 42131 1
42154 42185 57
42179 42180 18
42203 42238 30
42218 42229 216
42227 42251 244
42250 42271 17
42268 42271 95
42298 42306 104
42324 42330 233
42347 42370 195
42347 42376 10
42373 42415 214
42382 42414 235
42400 42425 267
42412 42441 292
42428 42468 36
42453 42484 82
42483 42520 88
42488 42500 132
42500 42516 67
42506 42511 229
42532 42541 232
42534 42582 113
42562 42575 187
42572 42596 106
42582 42618 9
42583 42610 26
42589 42638 2
42619 42665 266
42634 42647 22
42647 42691 159
42667 42672 230
42682 42726 57
42704 42720 261
42719 42768 113
42740 42762 132
42751 42782 95
42758 42769 240
42781 42802 256
42782 42792 37
42806 42847 167
42829 42839 227
42843 42879 50
42867 42887 264
42876 42882 210
42899 42904 259
42928 42932 26
42944 42968 93
42944 42991 87
42950 42976 208
42954 42992 277
42954 42975 159
42973 43023 240
42998 43009 20
43024 43031 102
43048 43090 264
43049 43090 216
43073 43105 148
43097 43131 176
43115 43151 208
43126 43132 249
43142 43170 251
43171 43203 160
43184 43222 32
43206 43245 258
43231 43271 235
43258 43260 24
43274 43291 118
43299 43327 208
43308 43316 121
43327 43358 255
43331 43340 231
43345 43395 149
43350 43368 249
43352 43384 28
43352 43375 15
43374 43389 247
43378 43398 228
43383 43419 49
43399 43419 22
43421 43425 160
43423 43445 200
43443 43492 151
43462 43475 142
43469 43510 191
43477 43481 88
43478 43485 65
43487 43516 49
43494 43511 70
43514 43531 12
43524 43537 119
43548 43595 215
43572 43591 205
43574 43600 224
43574 43594 14
43581 43594 239
43588 43597 130
43598 43644 147
43625 43673 236
43631 43638 120
43658 43696 206
43676 43710 163
43682 43685 211
43701 43738 38
43711 43713 76
43739 43765 121
43753 43759 198
43770 43792 132
43786 43812 221
43814 43817 223
43818 43857 234
43844 43890 25
43849 43862 202
43877 43920 152
43878 43912 220
43896 43944 208
43904 43943 183
43927 43960 2
43956 43979 3
43960 43982 247
43974 44001 208
43991 44008 263
44000 44048 218
44003 44021 280
44010 44038 89
44013 44057 116
44027 44028 38
44030 44065 76
44045 44060 58
44073 44104 170
44084 44121 99
44112 44160 130
44139 44177 138
44157 44192 64
44179 44193 22
44186 44212 271
44189 44207 176
44199 44223 13
44212 44234 54
44212 44256 23
44232 44267 252
44259 44285 96
44279 44314 57
44279 44328 95
44295 44301 231
44312 44329 281
44327 44365 105
44336 44341 271
44354 44363 173
44371 44391 52
44378 44410 218
44396 44406 88
44404 44411 124
44414 44415 222
44431 44462 81
44436 44477 68
44440 44458 51
44445 44483 297
44446 44492 57
44450 44460 279
44475 44516 222
44499 44519 255
44524 44530 125
44553 44581 193
44569 44611 19
44569 44572 273
44587 44614 164
44591 44620 79
44604 44644 274
44631 44634 205
44647 44689 65
44677 44703 255
44691 44700 182
44720 44756 35
44727 44776 9
44757 44797 232
44781 44824 244
44807 44849 192
44832 44863 286
44857 44881 30
44874 44881 225
44898 44946 264
44922 44953 15
44938 44949 166
44956 44975 55
44980 45027 4
45007 45028 210
45028 45059 70
45040 45080 221
45068 45072 260
45083 45105 279
45086 45106 79
45101 45106 187
45130 45134 5
45152 45172 71
45175 45221 100
45201 45229 120
45223 45244 109
45228 45260 22
45240 45263 239
45259 45260 88
45275 45283 10
45295 45305 20
45311 45355 135
45337 45380 92
45350 45398 234
45352 45365 132
45361 45371 177
45388 45400 275
45391 45422 209
45406 45449 238
45430 45435 247
45436 45482 92
45463 45492 236
45483 45531 192
45509 45549 75
45515 45548 138
45542 45568 30
45560 45579 130
45569 45592 188
45597 45639 292
45604 45609 144
45610 45620 37
45614 45632 98
45624 45644 294
45632 45681 65
45647 45694 47
45651 45693 143
45656 45686 91
45680 45726 77
45701 45742 79
45708 45714 56
45717 45767 187
45736 45752 294
45766 45808 23
45794 45831 206
45801 45839 258
45803 45821 219
45826 45872 210
45855 45857 60
45868 45873 217
45888 45936 147
45917 45958 257
45920 45943 256
45920 45938 62
45947 45994 170
45968 45999 33
45998 46037 193
46021 46060 260
46035 46059 248
46053 46102 124
46063 46086 203
46078 46099 287
46094 46100 54
46109 46110 274
46113 46156 299
46135 46156 169
46158 46198 93
46176 46206 72
46197 46247 265
46202 46205 85
46210 46216 5
46225 46249 44
46234 46247 119
46260 46263 176
46261 46276 158
46288 46334 181
46302 46305 243
46320 46324 33
46334 46374 39
46337 46372 257
46355 46358 270
46377 46392 51
46381 46394 94
46400 46439 13
46423 46438 52
46448 46479 209
46477 46492 216
46487 46513 252
46494 46537 112
46521 46569 154
46528 46543 21
46534 46536 73
46547 46589 186
46565 46577 145
46588 46618 142
46611 46631 140
46640 46659 300
46665 46679 133
46683 46686 230
46690 46739 251
46713 46741 34
46732 46756 200
46754 46797 80
46775 46811 9
46795 46807 122
46816 46853 218
46816 46856 187
46822 46824 272
46836 46844 48
46837 46885 47
46838 46872 30
46866 46881 179
46888 46932 72
46888 46895 40
46913 46932 189
46937 46972 214
46959 46990 25
46973 46983 173
46980 47011 39
46981 47014 71
46985 47026 133
46985 47025 6
46997 46998 148
46999 47013 135
47005 47041 3
47022 47035 243
47036 47058 52
47064 47075 273
47090 47102 96
47106 47150 61
47107 47147 286
47129 47175 62
47136 47181 7
47137 47139 2
47164 47169 191
47190 47199 228
47216 47256 111
47235 47278 273
47242 47258 5
47248 47271 107
47268 47289 52
47291 47314 88
47320 47367 16
47339 47353 15
47342 47355 72
47363 47409 271
47370 47393 46
47393 47440 90
47414 47418 217
47427 47457 171
47447 47451 101
47454 47492 279
47476 47487 32
47494 47538 261
47497 47538 268
47527 47574 148
47557 47601 89
47567 47592 287
47592 47604 260
47595 47637 96
47620 47663 263
47628 47664 61
47628 47668 139
47644 47645 216
47670 47719 250
47700 47722 260
47729 47736 265
47736 47743 201
47740 47744 271
47770 47809 210
47785 47790 33
47790 47826 191
47816 47838 193
47833 47881 191
47851 47879 32
47856 47897 186
47869 47914 187
47869 47872 246
47871 47919 285
47874 47911 291
47889 47893 58
47907 47922 288
47936 47970 48
47952 47956 171
47968 48016 111
47974 47995 276
47993 47998 179
48004 48049 206
48023 48071 296
48040 48058 247
48051 48057 35
48059 48096 139
48068 48116 139
48083 48087 249
48094 48101 56
48119 48153 8
48134 48142 135
48161 48171 91
48191 48225 87
48219 48269 242
48237 48260 169
48251 48272 120
48262 48284 119
48282 48284 146
48284 48294 235
48305 48339 194
48308 48358 64
48316 48361 56
48335 48381 251
48342 48356 42
48358 48360 56
48385 48392 38
48387 48430 30
48411 48445 271
48438 48452 222
48458 48489 193
48483 48513 291
48509 48536 125
48536 48582 103
48559 48600 153
48579 48626 180
48606 48623 206
48607 48633 137
48619 48620 148
48645 48660 122
48650 48699 87
48656 48674 1
48686 48732 48
48708 48714 278
48711 48723 168
48738 48750 75
48741 48777 68
48770 48818 96
48792 48793 52
48815 48845 89
48818 48854 293
48838 48859 159
48862 48888 297
48879 48913 291
48893 48921 16
48921 48959 290
48943 48990 32
48958 48991 288
48963 48991 182
48980 49018 277
48981 49004 147
48996 49033 66
49016 49024 182
49043 49075 270
49056 49090 18
49056 49088 257
49070 49099 251
49092 49106 201
49120 49152 141
49146 49157 42
49172 49194 294
49178 49216 121
49187 49212 49
49210 49260 266
49223 49250 31
49244 49294 197
49274 49292 151
49275 49282 98
49284 49305 179
49297 49322 60
49318 49326 142
49330 49341 105
49331 49355 61
49361 49409 220
49374 49403 134
49399 49422 138
49409 49455 126
49431 49451 217
49457 49488 279
49485 49504 286
49514 49530 293
49531 49563 297
49546 49555 106
49547 49579 295
49571 49611 273
49598 49621 176
49609 49625 152
49637 49661 14
49651 49691 12
49667 49679 242
49675 49700 200
49699 49702 132
49716 49745 216
49725 49772 164
49729 49762 14
49757 49770 93
49780 49800 9
49782 49798 300
49811 49861 172
49841 49871 257
49867 49901 23
49878 49911 19
49889 49890 88
49898 49926 280
49899 49942 270
49907 49922 291
49916 49927 12
49933 49937 221
49943 49971 141
49952 49980 131
49954 49966 78
49973 49985 278
49996 50018 186
50002 50045 34
50026 50073 119
50040 50061 36
50066 50107 166
50078 50100 133
50103 50130 80
50130 50147 251
50143 50171 287
50156 50183 98
50178 50186 191
50192 50239 56
50199 50209 95
50211 50255 65
50234 50274 81
50238 50283 258
50238 50258 120
50262 50308 248
50269 50279 116
50279 50285 255
50285 50304 115
50312 50342 241
50329 50375 110
50356 50405 53
50357 50373 25
50370 50383 53
50387 50421 293
50410 50412 197
50428 50475 53
50450 50460 197
50464 50489 110
50482 50498 179
50484 50486 176
50495 50499 202
50497 50500 69
50525 50555 238
50530 50572 212
50550 50592 191
50561 50573 294
50580 50588 103
50592 50622 11
50593 50636 179
50607 50608 218
50625 50638 165
50628 50657 66
50655 50661 207
50675 50685 48
50690 50720 9
50697 50747 28
50697 50726 150
50721 50761 159
50722 50760 136
50732 50758 292
50745 50746 1
50771 50820 52
50773 50793 120
50785 50832 98
50798 50834 262
50818 50848 86
50842 50861 19
50859 50876 9
50859 50895 149
50877 50908 129
50888 50889 97
50905 50934 159
50920 50962 53
50937 50980 150
50949 50969 258
50958 51005 292
50980 51024 109
50997 50999 40
51012 51046 117
51027 51058 101
51027 51040 243
51036 51071 91
51051 51053 135
51068 51117 228
51078 51086 236
51100 51129 283
51101 51115 34
51104 51110 289
51130 51159 108
51144 51145 24
51159 51207 182
51178 51214 4
51182 51222 156
51198 51215 156
51223 51269 8
51252 51280 83
51261 51265 73
51263 51312 270
51264 51308 140
51275 51300 132
51293 51324 158
51307 51346 285
51313 51338 104
51321 51345 14
51329 51345 112
51358 51376 4
51377 51424 297
51393 51398 271
51396 51407 255
51411 51430 2
51428 51438 224
51430 51441 8
51459 51506 36
51473 51494 217
51482 51511 180
51483 51532 235
51512 51538 134
51513 51553 31
51528 51546 120
51541 51549 151
51543 51577 22
51546 51569 206
51569 51615 122
51590 51609 107
51608 51631 227
51615 51626 56
51617 51666 203
51636 51653 266
51660 51676 225
51671 51716 298
51674 51701 288
51677 51700 71
51701 51729 274
51726 51741 170
51726 51749 14
51749 51790 237
51772 51788 79
51788 51811 268
51793 51807 245
51812 51859 9
51819 51831 256
51827 51828 207
51847 51879 180
51853 51871 32
51860 51865 260
51872 51879 69
51879 51901 49
51880 51930 230
51895 51925 208
51913 51944 167
51942 51964 234
51949 51968 220
51949 51989 169
51967 51978 149
51987 51989 41
52007 52029 92
52013 52048 69
52028 52040 105
52051 52074 23
52078 52102 124
52107 52122 161
52120 52142 29
52143 52182 15
52145 52162 48
52145 52148 86
52151 52178 32
52159 52189 84
52167 52214 281
52192 52193 261
52214 52245 135
52228 52250 62
52238 52242 239
52261 52276 83
52263 52288 240
52266 52276 281
52293 52317 86
52315 52324 148
52333 52345 29
52340 52374 97
52368 52398 18
52378 52390 45
52383 52413 216
52396 52406 292
52409 52427 269
52423 52452 239
52432 52473 32
52446 52455 49
52461 52490 247
52479 52486 23
52483 52491 108
52512 52553 176
52514 52544 118
52515 52543 114
52529 52569 103
52542 52557 4
52564 52568 23
52566 52594 133
52579 52602 268
52601 52611 137
52615 52649 38
52625 52670 222
52655 52686 50
52667 52705 177
52671 52706 239
52673 52701 3
52687 52713 228
52687 52698 260
52694 52740 44
52707 52736 45
52712 52762 220
52723 52736 210
52723 52743 190
52741 52769 255
52771 52788 63
52772 52793 124
52802 52837 181
52805 52846 139
52823 52832 233
52847 52852 88
52859 52864 55
52862 52902 191
52880 52892 290
52885 52917 88
52890 52938 284
52900 52904 5
52928 52949 184
52935 52962 214
52948 52953 94
52966 53003 138
52980 52986 199
52980 52994 9
52983 53032 17
52990 52999 272
53018 53025 232
53019 53045 255
53025 53057 166
53038 53053 135
53050 53058 149
53070 53117 93
53085 53128 115
53096 53110 134
53119 53159 236
53119 53139 185
53144 53178 158
53146 53164 25
53156 53198 245
53157 53166 4
53157 53158 256
53176 53222 106
53202 53242 12
53227 53271 292
53250 53271 294
53254 53299 110
53269 53286 245
53294 53310 131
53316 53340 3
53336 53346 168
53362 53400 75
53368 53398 235
53394 53430 132
53418 53459 274
53440 53481 25
53467 53516 35
53484 53515 20
53506 53517 83
53511 53539 8
53538 53553 140
53543 53573 156
53555 53577 97
53579 53585 202
53581 53617 79
53606 53633 163
53615 53655 290
53631 53645 168
53640 53665 3
53653 53682 57
53662 53686 176
53674 53688 77
53698 53735 279
53704 53732 54
53706 53710 83
53712 53713 56
53716 53747 262
53717 53736 54
53717 53720 7
53721 53742 206
53750 53793 181
53760 53783 117
53765 53788 197
53794 53830 89
53809 53825 8
53836 53854 148
53845 53880 62
53863 53883 254
53872 53909 3
53896 53923 253
53901 53938 85
53912 53944 40
53913 53930 206
53941 53982 251
53963 53989 61
53979 54013 30
53980 53991 233
54001 54006 271
54003 54017 111
54025 54033 37
54025 54043 66
54028 54046 78
54042 54066 170
54048 54088 300
54054 54062 219
54070 54074 228
54095 54109 221
54107 54134 182
54112 54120 50
54123 54141 277
54125 54134 183
54135 54149 43
54164 54174 106
54179 54181 193
54195 54214 249
54207 54212 294
54224 54228 81
54238 54265 150
54245 54294 59
54260 54309 230
54262 54304 247
54262 54273 252
54274 54316 277
54274 54291 239
54303 54314 262
54324 54369 241
54337 54375 73
54360 54371 191
54378 54388 190
54404 54448 247
54433 54474 43
54458 54469 130
54483 54521 215
54491 54494 264
54493 54497 39
54504 54521 260
54509 54514 206
54522 54553 224
54541 54583 117
54568 54587 47
54584 54586 262
54604 54625 86
54609 54626 260
54628 54629 137
54647 54675 64
54666 54712 69
54681 54718 11
54697 54738 192
54723 54773 286
54731 54754 221
54748 54766 145
54751 54752 169
54765 54774 278
54780 54785 146
54783 54823 77
54798 54821 79
54819 54868 237
54843 54863 32
54860 54863 64
54878 54902 149
54896 54908 281
54925 54972 188
54950 54997 7
54962 54995 47
54964 55014 25
54973 55008 109
54991 55020 124
55001 55016 19
55014 55027 285
55043 55052 64
55063 55079 279
55087 55097 235
55102 55116 252
55105 55150 24
55106 55142 108
55126 55148 143
55127 55144 176
55147 55195 157
55170 55202 111
55192 55234 182
55212 55223 141
55219 55259 53
55241 55254 264
55256 55265 191
55270 55287 10
55270 55289 46
55290 55335 24
55299 55324 183
55306 55328 287
55329 55356 263
55344 55379 156
55367 55376 184
55392 55418 13
55403 55436 219
55404 55445 235
55415 55445 298
55417 55459 7
55441 55451 139
55448 55481 54
55454 55487 165
55463 55504 184
55471 55499 269
55500 55547 238
55515 55565 145
55521 55554 232
55529 55579 205
55552 55595 167
55571 55572 4
55574 55595 248
55603 55644 110
55633 55661 228
55658 55705 138
55672 55679 52
55686 55705 113
55706 55743 145
55721 55734 107
55744 55788 141
55764 55772 185
55777 55826 133
55790 55834 39
55803 55827 15
55830 55864 195
55835 55841 94
55852 55872 232
55868 55912 92
55882 55931 100
55903 55913 128
55906 55955 255
55912 55947 136
55919 55939 10
55934 55944 215
55944 55980 283
55972 55989 111
55978 55988 263
56003 56004 30
56004 56046 15
56008 56021 188
56014 56035 278
56017 56024 298
56024 56069 43
56036 56053 190
56063 56094 27
56076 56089 75
56105 56142 230
56132 56162 178
56135 56184 135
56135 56139 8
56164 56170 57
56186 56225 59
56205 56227 140
56225 56267 111
56251 56253 112
56277 56307 279
56287 56332 146
56292 56321 64
56307 56340 263
56327 56330 147
56340 56382 202
56360 56388 156
56360 56370 190
56374 56407 168
56375 56401 242
56387 56422 261
56407 56415 192
56434 56448 81
56454 56497 68
56461 56474 255
56481 56495 147
56488 56502 207
56493 56510 239
56499 56508 36
56527 56532 218
56543 56579 45
56562 56593 293
56585 56625 88
56604 56641 252
56620 56653 145
56622 56631 174
56647 56652 234
56673 56705 52
56697 56701 35
56700 56719 89
56717 56746 291
56729 56753 186
56738 56752 46
56765 56767 65
56792 56806 134
56810 56839 11
56836 56857 20
56854 56856 11
56867 56913 285
56891 56909 115
56905 56913 86
56906 56927 224
56912 56937 222
56916 56934 267
56925 56948 66
56937 56987 297
56945 56966 19
56968 57005 24
56988 57012 17
57009 57022 242
57030 57067 106
57033 57068 40
57048 57086 59
57050 57065 33
57060 57104 92
57062 57074 293
57090 57110 75
57115 57155 175
57116 57146 119
57127 57151 145
57153 57160 123
57166 57199 110
57176 57214 9
57194 57198 236
57195 57201 162
57205 57233 159
57218 57229 198
57228 57275 65
57256 57276 136
57278 57292 265
57294 57301 191
57311 57356 179
57340 57388 198
57360 57365 13
57384 57394 13
57394 57438 249
57411 57432 34
57440 57462 18
57468 57499 287
57486 57529 235
57507 57556 27
57516 57529 274
57544 57591 172
57565 57576 60
57566 57614 92
57571 57597 36
57596 57611 251
57601 57631 146
57631 57663 225
57649 57696 66
57664 57666 76
57691 57721 163
57699 57711 157
57728 57747 5
57730 57748 130
57738 57741 201
57750 57765 165
57762 57786 101
57783 57795 20
57806 57852 230
57826 57835 204
57853 57856 169
57855 57885 139
57880 57920 217
57890 57917 269
57897 57903 73
57923 57941 80
57940 57968 188
57949 57986 188
57971 57974 263
57998 58015 108
58016 58022 94
58037 58066 121
58065 58115 169
58071 58086 24
58090 58097 87
58095 58100 244
58121 58148 212
58122 58156 209
58137 58170 106
58148 58178 37
58165 58169 114
58178 58202 232
58193 58222 162
58218 58231 22
58234 58265 134
58246 58269 208
58276 58320 45
58286 58309 96
58286 58323 256
58297 58303 265
58327 58358 128
58357 58400 293
58371 58397 133
58386 58391 144
58401 58439 215
58405 58436 214
58412 58416 177
58419 58422 218
58440 58447 209
58452 58474 240
58452 58470 85
58470 58477 277
58492 58518 31
58504 58545 91
58515 58532 116
58528 58538 46
58530 58543 157
58551 58572 289
58567 58582 129
58589 58633 137
58593 58641 4
58603 58613 171
58615 58665 94
58632 58669 36
58653 58658 46
58679 58726 171
58691 58724 43
58715 58733 20
58720 58758 157
58735 58746 115
58754 58781 262
58776 58810 125
58806 58829 119
58808 58819 32
58830 58842 35
58832 58870 120
58841 58863 167
58863 58902 144
58878 58914 114
58905 58950 15
58935 58979 201
58945 58954 93
58954 58971 48
58961 58971 144
58987 59023 233
58989 58990 119
59013 59028 136
59019 59059 244
59040 59084 170
59059 59074 275
59082 59085 147
59099 59107 71
59126 59176 121
59129 59150 127
59138 59171 230
59162 59180 225
59176 59178 248
59181 59201 224
59187 59193 187
59198 59223 155
59215 59222 218
59234 59277 104
59263 59311 97
59266 59286 54
59274 59324 254
59289 59313 130
59293 59300 291
59323 59325 104
59338 59353 234
59356 59390 30
59363 59396 288
59368 59399 122
59386 59396 177
59410 59446 172
59435 59467 88
59458 59467 262
59477 59495 65
59486 59518 253
59487 59493 115
59491 59519 246
59505 59522 229
59508 59517 258
59525 59526 207
59547 59566 43
59553 59601 103
59583 59587 28
59590 59629 142
59608 59653 95
59617 59655 133
59642 59685 131
59656 59666 281
59656 59672 229
59673 59698 277
59700 59705 279
59722 59731 208
59746 59764 64
59758 59790 90
59781 59803 255
59811 59850 146
59812 59861 165
59816 59846 55
59835 59851 286
59853 59870 205
59870 59883 18
59875 59888 23
59905 59947 60
59908 59956 204
59911 59919 183
59918 59920 97
59925 59933 36
59955 59959 31
59961 59963 187
59974 60008 257
59994 60044 275
60020 60031 257
60020 60052 194
60035 60048 139
60035 60055 281
60040 60064 159
60069 60079 172
60070 60103 201
60074 60081 154
60082 60120 275
60098 60101 292
60126 60165 272
60138 60170 126
60161 60206 219
60178 60198 292
60206 60210 162
60209 60223 261
60219 60264 269
60223 60249 263
60252 60299 96
60265 60269 55
60290 60329 210
60290 60311 283
60318 60358 276
60345 60366 204
60346 60349 243
60366 60393 102
60380 60423 126
60400 60401 172
60419 60445 70
60440 60485 88
60461 60474 40
60489 60493 221
60496 60546 109
60523 60543 300
60526 60576 98
60543 60556 139
60557 60571 185
60586 60627 76
60602 60613 115
60625 60637 236
60655 60702 74
60682 60691 157
60702 60718 101
60727 60728 22
60754 60767 216
60755 60758 235
60770 60786 82
60782 60812 264
60812 60846 100
60818 60836 252
60832 60842 254
60841 60861 162
60860 60875 237
60880 60910 81
60883 60890 189
60892 60919 99
60895 60921 89
60919 60934 197
60939 60978 272
60949 60951 49
60957 60961 81
60961 61007 262
60979 60996 66
61005 61041 256
61019 61060 107
61032 61080 89
61052 61087 199
61082 61092 125
61093 61108 104
61109 61116 29
61134 61165 80
61155 61167 62
61161 61171 212
61191 61224 276
61195 61226 64
61203 61251 38
61213 61242 228
61238 61288 87
61250 61287 225
61278 61279 220
61289 61318 76
61314 61355 229
61332 61341 186
61353 61399 188
61373 61410 278
61389 61398 36
61416 61426 162
61420 61465 182
61434 61446 230
61450 61459 73
61455 61462 255
61462 61483 149
61479 61490 88
61498 61514 207
61503 61521 196
61517 61518 256
61539 61568 87
61544 61586 16
61574 61590 66
61602 61620 172
61620 61664 256
61646 61696 291
61658 61662 40
61683 61733 186
61710 61749 76
61725 61732 187
61754 61756 272
61770 61799 257
61782 61832 50
61791 61794 239
61821 61833 154
61844 61851 229
61863 61892 149
61885 61908 286
61900 61912 239
61918 61958 208
61946 61952 245
61954 61979 240
61965 62010 188
61965 61996 251
61983 62008 294
61987 62016 77
61992 62007 109
62001 62042 132
62027 62040 43
62039 62055 264
62044 62086 26
62044 62083 99
62065 62108 115
62094 62141 51
62121 62128 27
62149 62179 116
62177 62198 10
62179 62180 96
62194 62229 16
62201 62223 129
62215 62254 46
62218 62225 221
62230 62275 159
62247 62255 253
62269 62282 82
62289 62300 122
62295 62322 135
62304 62327 34
62305 62340 39
62332 62349 110
62361 62380 109
62391 62428 183
62394 62444 52
62400 62446 104
62424 62450 85
62441 62444 50
62452 62464 219
62470 62510 31
62497 62531 223
62517 62557 219
62522 62557 201
62548 62581 150
62557 62587 50
62562 62606 120
62577 62614 167
62596 62603 11
62618 62662 284
62640 62660 26
62665 62698 138
62690 62710 142
62693 62720 137
62710 62728 276
62723 62740 65
62728 62737 129
62734 62776 36
62762 62794 26
62765 62813 5
62778 62813 71
62782 62783 93
62789 62829 11
62817 62822 165
62842 62846 283
62851 62871 296
62877 62915 249
62887 62932 182
62892 62934 113
62912 62919 280
62937 62976 232
62949 62981 271
62975 63001 176
63003 63047 115
63019 63044 266
63042 63066 46
63069 63086 29
63082 63130 297
63103 63129 85
63132 63169 33
63156 63165 95
63157 63174 134
63173 63202 231
63185 63195 258
63199 63230 1
63227 63241 107
63238 63272 153
63266 63280 134
63291 63297 132
63300 63328 70
63330 63370 35
63331 63335 171
63335 63353 17
63342 63366 16
63349 63355 198
63377 63393 288
63395 63412 130
63413 63440 119
63419 63468 104
63439 63464 140
63463 63493 48
63477 63498 279
63477 63516 41
63480 63496 223
63506 63526 164
63520 63530 198
63523 63556 249
63529 63544 119
63541 63578 175
63551 63568 271
63559 63586 113
63587 63617 84
63590 63597 138
63615 63623 81
63634 63647 280
63643 63671 81
63660 63694 297
63664 63669 183
63669 63707 25
63676 63691 126
63689 63696 198
63717 63757 112
63721 63765 269
63750 63764 2
63758 63802 88
63787 63825 38
63797 63817 230
63820 63823 157
63832 63854 168
63849 63855 174
63860 63906 239
63864 63868 74
63892 63924 235
63914 63961 22
63928 63948 165
63929 63939 207
63931 63949 23
63940 63959 72
63963 63992 61
63984 64000 247
63995 64036 204
64023 64029 100
64039 64070 158
64045 64062 113
64058 64073 61
64080 64102 183
64094 64143 215
64116 64164 178
64131 64136 46
64133 64156 105
64148 64189 27
64176 64198 25
64184 64213 183
64193 64196 5
64195 64218 16
64198 64241 231
64208 64218 196
64213 64251 197
64218 64221 101
64247 64273 219
64252 64297 231
64253 64295 290
64256 64306 169
64258 64285 62
64285 64324 15
64295 64341 54
64295 64317 76
64297 64327 215
64308 64349 85
64327 64331 72
64354 64388 90
64356 64401 68
64366 64381 22
64378 64394 149
64383 64414 136
64389 64431 271
64408 64426 263
64411 64439 137
64418 64459 52
64436 64469 2
64453 64474 265
64462 64500 200
64481 64514 29
64510 64559 91
64534 64547 160
64538 64558 299
64547 64589 44
64559 64566 241
64576 64614 114
64579 64619 50
64604 64610 18
64606 64656 41
64620 64670 162
64632 64651 120
64634 64663 184
64642 64658 297
64657 64705 168
64686 64728 253
64699 64707 65
64729 64756 17
64747 64797 118
64768 64800 61
64793 64825 228
64820 64839 76
64822 64846 4
64833 64835 119
64836 64872 12
64864 64905 251
64894 64938 185
64908 64919 164
64919 64949 235
64937 64948 237
64940 64987 15
64957 64958 265
64984 65009 189
64987 65034 289
65002 65035 2
65017 65064 75
65033 65044 220
65041 65052 246
65041 65052 119
65045 65084 225
65068 65073 264
65097 65122 149
65125 65134 152
65144 65180 143
65163 65207 278
65163 65206 174
65170 65207 78
65180 65193 290
65181 65226 18
65208 65257 22
65211 65222 206
65236 65263 278
65249 65290 62
65273 65316 110
65296 65297 293
65317 65344 231
65317 65338 226
65344 65366 289
65344 65353 179
65356 65383 30
65362 65376 271
65380 65409 27
65398 65425 270
65412 65427 260
65414 65421 271
65419 65465 4
65437 65460 292
65451 65485 127
65471 65517 130
65471 65491 177
65484 65492 101
65505 65516 57
65505 65542 146
65511 65527 9
65526 65531 191
65543 65577 155
65543 65556 208
65565 65601 75
65575 65583 46
65592 65602 294
65606 65649 1
65625 65646 92
65640 65643 44
65664 65667 185
65675 65713 25
65690 65726 3
65693 65721 197
65695 65740 207
65711 65754 263
65726 65744 159
65729 65771 216
65749 65771 90
65769 65780 151
65773 65814 13
65792 65817 99
65821 65824 186
65845 65853 269
65874 65898 204
65878 65918 185
65900 65908 47
65929 65973 201
65941 65955 108
65966 65989 181
65975 65990 270
65983 66016 151
65999 66007 176
66009 66013 176
66024 66044 287
66032 66034 11
66056 66080 268
66076 66095 61
66088 66099 88
66112 66137 121
66120 66136 198
66138 66146 214
66140 66150 207
66151 66166 267
66177 66215 214
66179 66184 267
66206 66242 265
66221 66238 163
66244 66273 19
66269 66306 262
66272 66278 147
66296 66303 138
66304 66347 80
66325 66328 50
66347 66380 202
66361 66401 11
66387 66404 58
66399 66421 56
66406 66443 70
66436 66477 134
66451 66471 27
66480 66524 84
66482 66509 126
66505 66525 283
66516 66539 38
66538 66561 119
66559 66575 37
66584 66629 146
66614 66626 131
66623 66632 19
66623 66654 26
66625 66661 145
66639 66647 94
66649 66676 14
66653 66693 67
66666 66700 249
66690 66700 205
66716 66739 1
66718 66748 150
66743 66762 57
66746 66786 74
66760 66769 125
66764 66810 299
66770 66818 240
66794 66834 156
66821 66842 32
66827 66866 264
66843 66869 6
66855 66858 150
66856 66857 282
66856 66862 219
66865 66877 84
66885 66911 141
66887 66903 114
66887 66930 297
66906 66925 245
66921 66947 167
66928 66938 50
66936 66986 31
66939 66987 208
66943 66961 5
66956 66985 162
66973 66990 293
66973 67000 113
66989 67039 9
67010 67058 277
67036 67072 182
67046 67067 181
67057 67089 113
67083 67099 20
67097 67118 72
67101 67144 201
67121 67131 162
67132 67141 191
67132 67180 283
67157 67181 11
67167 67197 61
67176 67185 83
67191 67209 83
67201 67219 215
67225 67246 36
67244 67281 287
67270 67302 222
67299 67302 155
67306 67315 88
67322 67336 263
67326 67376 193
67341 67384 244
67367 67408 99
67391 67392 247
67403 67416 112
67431 67448 93
67446 67495 262
67469 67471 106
67497 67520 56
67500 67520 13
67520 67527 189
67522 67554 32
67548 67569 101
67563 67607 85
67563 67585 295
67573 67623 220
67575 67579 73
67600 67643 218
67620 67628 71
67632 67679 236
67648 67698 113
67653 67678 236
67667 67708 220
67689 67695 250
67703 67724 185
67721 67751 90
67736 67786 269
67759 67809 11
67777 67820 254
67783 67825 258
67791 67825 295
67795 67823 114
67803 67832 213
67817 67840 298
67828 67853 232
67830 67831 91
67852 67859 23
67869 67882 214
67887 67930 41
67904 67927 131
67911 67930 31
67929 67939 140
67948 67996 122
67962 67990 148
67984 67998 40
68002 68028 96
68006 68012 93
68029 68061 155
68035 68071 75
68045 68093 49
68075 68089 62
68094 68116 33
68107 68138 283
68120 68167 68
68142 68156 6
68169 68211 22
68185 68221 219
68208 68211 196
68235 68271 234
68261 68293 6
68286 68323 118
68313 68342 239
68313 68354 212
68335 68340 56
68341 68382 30
68360 68391 52
68377 68384 215
68392 68399 202
68419 68424 213
68423 68454 220
68440 68473 5
68461 68492 226
68468 68485 142
68475 68519 123
68482 68494 253
68508 68542 150
68511 68545 206
68532 68562 203
68537 68539 178
68558 68590 147
68585 68592 202
68604 68635 55
68612 68649 155
68625 68627 268
68638 68647 32
68639 68674 277
68649 68656 81
68651 68666 181
68667 68703 180
68680 68700 273
68693 68730 294
68704 68733 112
68713 68719 160
68735 68758 118
68743 68793 270
68753 68795 284
68759 68761 235
68770 68820 18
68784 68808 28
68800 68826 211
68828 68847 266
68836 68876 217
68842 68867 74
68870 68885 266
68888 68897 235
68888 68891 117
68905 68944 57
68919 68948 173
68919 68922 90
68934 68959 109
68949 68994 288
68969 68970 100
68985 69035 173
69015 69065 137
69042 69044 152
69045 69073 269
69065 69083 23
69086 69115 225
69107 69115 138
69113 69160 193
69119 69162 99
69131 69149 232
69155 69204 225
69161 69179 42
69180 69224 108
69189 69197 298
69207 69246 71
69235 69261 206
69239 69246 35
69249 69268 289
69263 69282 256
69266 69274 115
69268 69314 231
69274 69294 176
69277 69313 237
69295 69337 180
69303 69329 126
69313 69331 181
69332 69354 53
69343 69382 153
69372 69379 121
69388 69427 260
69402 69445 95
69426 69452 176
69426 69462 233
69450 69472 34
69469 69477 242
69473 69488 150
69477 69527 281
69487 69495 260
69501 69506 266
69511 69532 112
69519 69546 181
69536 69556 250
69555 69600 1
69560 69594 164
69585 69610 151
69592 69626 19
69614 69626 44
69636 69651 3
69645 69655 131
69669 69677 279
69693 69733 23
69708 69732 168
69722 69739 59
69749 69789 290
69762 69812 32
69765 69790 68
69782 69790 193
69804 69817 290
69829 69838 215
69845 69867 227
69855 69887 86
69864 69880 47
69873 69908 111
69884 69929 230
69890 69938 182
69910 69945 64
69931 69959 127
69934 69965 234
69948 69964 204
69973 70016 42
69987 69991 268
70009 70052 148
70017 70047 192
70019 70046 254
70021 70027 149
70036 70067 113
70041 70071 35
70051 70099 13
70081 70091 206
70097 70106 249
70097 70120 232
70113 70148 43
70136 70149 220
70137 70154 129
70157 70176 186
70177 70181 140
70197 70202 220
70217 70245 207
70239 70253 296
70242 70261 60
70250 70268 289
70254 70288 194
70268 70315 110
70272 70280 278
70300 70350 297
70302 70340 4
70323 70342 91
70342 70388 208
70360 70363 168
70382 70408 86
70402 70430 196
70424 70435 98
70436 70481 176
70453 70494 64
70464 70514 77
70494 70517 84
70520 70557 196
70520 70551 262
70543 70561 122
70567 70580 133
70582 70622 28
70582 70624 13
70598 70630 94
70621 70666 244
70623 70641 140
70645 70672 150
70652 70685 57
70671 70718 241
70699 70715 170
70700 70711 48
70717 70741 166
70743 70781 108
70757 70806 8
70776 70826 267
70798 70822 106
70806 70852 24
70810 70859 224
70825 70842 67
70829 70848 74
70843 70868 231
70848 70898 177
70877 70900 20
70887 70936 17
70893 70939 158
70919 70934 70
70940 70957 54
70962 70977 250
70980 70999 261
70998 71033 4
70999 71023 219
71029 71043 187
71049 71099 228
71057 71106 126
71069 71071 241
71095 71098 29
71107 71144 296
71124 71128 289
71129 71151 10
71138 71187 241
71138 71154 24
71155 71174 231
71156 71195 33
71163 71203 108
71191 71193 124
71219 71266 220
71243 71290 94
71263 71285 54
71267 71300 70
71276 71320 218
71304 71347 60
71309 71333 145
71339 71344 103
71346 71347 85
71352 71396 99
71376 71418 97
71399 71432 206
71407 71440 188
71424 71473 21
71440 71490 17
71444 71468 1
71464 71488 75
71476 71486 205
71491 71521 12
71516 71562 126
71519 71551 197
71542 71581 213
71572 71576 5
71580 71623 79
71589 71633 25
71619 71639 217
71647 71685 113
71647 71658 72
71648 71667 283
71672 71683 149
71701 71731 142
71722 71742 251
71730 71734 197
71750 71754 224
71752 71767 88
71771 71788 205
71793 71807 71
71815 71845 98
71818 71854 92
71837 71851 11
71865 71911 258
71882 71909 169
71907 71935 226
71909 71911 1
71912 71958 38
71913 71962 227
71937 71984 221
71951 71974 24
71963 71980 97
71982 72024 29
71989 71996 41
72012 72039 58
72018 72041 39
72048 72049 51
72073 72081 92
72082 72117 233
72089 72138 170
72119 72159 123
72136 72158 140
72160 72207 175
72180 72209 218
72204 72210 79
72212 72232 255
72234 72239 17
72254 72257 27
72266 72285 207
72287 72289 64
72297 72314 179
72311 72360 159
72314 72360 194
72322 72372 87
72328 72338 105
72341 72386 148
72357 72395 215
72381 72410 23
72392 72398 161
72392 72431 204
72411 72439 193
72417 72449 26
72436 72479 189
72462 72481 291
72487 72529 191
72503 72546 232
72523 72542 232
72523 72545 165
72539 72567 180
72564 72581 13
72581 72605 287
72600 72625 166
72608 72626 181
72619 72650 103
72643 72666 145
72673 72721 75
72680 72727 71
72684 72702 58
72696 72726 146
72709 72759 36
72711 72713 110
72729 72755 21
72750 72777 146
72776 72814 120
72776 72812 194
72802 72819 84
72807 72814 134
72817 72840 26
72821 72837 175
72846 72847 188
72869 72910 251
72889 72907 132
72897 72946 274
72920 72954 143
72948 72954 66
72960 72982 261
72964 72975 139
72964 72969 149
72989 73028 121
73009 73028 169
73034 73071 93
73048 73068 67
73070 73116 198
73072 73073 242
73083 73091 130
73083 73124 212
73097 73121 201
73101 73112 176
73106 73117 149
73136 73156 268
73160 73190 8
73160 73189 287
73182 73230 72
73206 73233 28
73211 73225 209
73221 73223 69
73250 73259 221
73256 73279 230
73264 73269 257
73264 73266 99
73274 73302 100
73299 73334 250
73310 73349 224
73318 73327 200
73330 73333 18
73342 73392 172
73368 73391 206
73397 73414 213
73409 73444 33
73412 73456 74
73437 73452 51
73450 73472 277
73450 73465 104
73461 73504 86
73466 73486 281
73474 73498 191
73498 73499 67
73523 73526 100
73547 73577 16
73549 73595 58
73579 73623 52
73601 73608 86
73623 73639 115
73645 73669 202
73667 73680 230
73693 73729 239
73703 73704 28
73721 73733 276
73735 73741 8
73756 73799 15
73761 73769 147
73791 73816 81
73799 73846 50
73829 73831 84
73841 73847 191
73849 73868 136
73855 73905 124
73860 73888 158
73874 73912 83
73876 73879 215
73889 73930 154
73912 73951 122
73919 73920 179
73934 73938 51
73947 73990 138
73951 73963 25
73955 73969 254
73979 73983 288
73984 74010 185
74007 74046 123
74028 74030 11
74052 74098 183
74080 74110 132
74108 74138 101
74120 74153 246
74129 74171 190
74143 74144 227
74166 74181 122
74169 74207 171
74182 74194 25
74212 74228 112
74228 74250 287
74228 74267 190
74228 74268 146
74238 74260 47
74246 74264 55
74258 74261 212
74276 74294 135
74306 74334 75
74335 74367 111
74336 74368 6
74360 74393 50
74363 74383 270
74382 74387 262
74409 74429 292
74416 74430 136
74430 74448 7
74437 74448 160
74461 74475 218
74464 74472 30
74467 74516 167
74490 74505 48
74503 74524 278
74523 74551 219
74549 74588 165
74555 74598 18
74576 74603 24
74583 74601 292
74607 74619 7
