5000
30 63 226
49 98 32
51 96 172
59 82 152
64 80 209
84 118 281
106 138 270
123 132 185
137 172 182
155 156 217
159 160 270
188 201 136
215 217 11
238 245 46
238 251 279
252 296 240
267 315 54
294 335 107
298 325 159
316 332 74
330 363 19
344 381 80
370 397 231
377 424 56
398 447 244
398 399 117
414 421 116
417 453 59
430 443 239
440 460 41
459 497 215
486 498 264
504 518 35
534 569 278
550 580 229
554 597 245
555 586 226
580 626 4
594 608 168
607 652 126
621 656 149
632 640 64
640 684 186
643 662 73
664 694 224
682 687 128
685 727 80
706 734 130
720 755 53
730 737 125
751 757 165
759 770 162
782 818 283
791 815 234
799 832 17
814 840 6
832 842 269
833 881 186
842 885 16
856 865 267
881 898 92
895 929 265
913 930 209
931 976 102
949 978 240
956 977 199
961 967 129
988 1003 265
989 1000 253
996 1041 193
1024 1067 131
1034 1047 176
1064 1083 3
1091 1112 157
1099 1134 253
1102 1151 108
1108 1126 269
1111 1146 69
1123 1165 281
1130 1133 182
1139 1177 6
1155 1197 67
1160 1205 219
1184 1225 73
1204 1252 106
1233 1244 77
1263 1303 93
1291 1340 250
1291 1335 284
1317 1341 126
1346 1375 60
1356 1397 265
1367 1402 289
1391 1410 206
1402 1431 240
1412 1451 44
1431 1435 28
1456 1488 270
1457 1501 47
1469 1487 115
1488 1525 93
1498 1530 24
1505 1506 176
1529 1557 130
1550 1560 36
1551 1586 290
1556 1605 142
1572 1583 170
1600 1612 75
1628 1666 267
1641 1652 236
1643 1691 169
1669 1690 207
1697 1723 93
1704 1729 98
1722 1755 91
1735 1770 24
1746 1749 191
1775 1810 245
1798 1815 276
1816 1821 91
1829 1849 1
1854 1874 189
1875 1913 129
1885 1889 111
1897 1941 141
1910 1959 211
1923 1966 40
1924 1927 180
1941 1982 281
1964 2009 193
1972 2003 122
1978 1981 253
1995 2035 193
2000 2040 265
2018 2041 130
2031 2075 292
2057 2073 2
2075 2119 132
2093 2112 117
2116 2128 107
2146 2168 94
2156 2157 121
2164 2178 142
2178 2193 196
2204 2220 1
2207 2256 171
2209 2222 281
2210 2254 289
2233 2248 152
2253 2283 295
2280 2286 90
2303 2311 163
2328 2359 239
2345 2374 34
2355 2368 209
2358 2374 259
2365 2378 75
2393 2406 196
2393 2433 128
2413 2435 172
2429 2467 251
2457 2484 291
2463 2492 107
2492 2542 159
2521 2522 256
2540 2567 237
2546 2591 289
2555 2570 242
2561 2574 282
2578 2607 58
2607 2645 134
2619 2620 67
2641 2682 1
2666 2674 58
2682 2721 122
2693 2729 148
2696 2723 181
2706 2747 64
2708 2713 296
2721 2769 23
2737 2747 275
2738 2785 23
2762 2807 237
2763 2772 268
2769 2815 141
2771 2804 143
2783 2792 126
2799 2817 110
2816 2830 60
2835 2862 215
2851 2881 211
2860 2890 224
2883 2906 216
2884 2906 261
2893 2912 17
2899 2942 37
2920 2930 142
2948 2952 66
2978 3000 134
2995 3011 180
3016 3058 34
3023 3059 82
3025 3071 97
3035 3047 172
3042 3050 15
3070 3090 222
3071 3084 140
3075 3107 272
3081 3124 16
3090 3106 282
3093 3110 160
3093 3116 141
3106 3112 209
3129 3148 178
3142 3171 214
3148 3164 269
3156 3159 56
3177 3206 156
3201 3238 277
3225 3269 294
3241 3251 86
3249 3272 175
3256 3297 64
3283 3307 245
3302 3345 220
3304 3341 80
3324 3341 186
3333 3366 276
3338 3346 290
3346 3377 251
3359 3391 249
3376 3392 251
3385 3412 180
3412 3457 282
3421 3424 120
3446 3474 11
3471 3506 296
3485 3518 284
3504 3523 198
3510 3531 129
3533 3543 260
3557 3570 187
3558 3587 298
3558 3575 17
3565 3578 116
3586 3617 221
3586 3599 73
3596 3598 119
3599 3600 200
3610 3647 254
3625 3641 176
3645 3656 261
3663 3683 206
3664 3666 147
3676 3686 156
3688 3729 207
3711 3757 87
3717 3720 2
3717 3726 151
3737 3778 111
3754 3781 127
3779 3798 247
3803 3821 71
3805 3821 296
3832 3856 58
3858 3859 108
3888 3933 229
3898 3906 113
3906 3922 47
3914 3934 13
3915 3949 224
3935 3978 248
3942 3954 41
3953 4001 145
3965 4001 91
3977 4018 117
3997 4034 277
4002 4048 136
4021 4043 231
4034 4048 285
4040 4069 143
4062 4109 112
4065 4107 58
4080 4109 280
4103 4115 159
4117 4134 190
4140 4148 215
4152 4194 8
4177 4186 268
4181 4210 174
4189 4198 113
4199 4201 121
4211 4244 71
4238 4246 100
4240 4248 218
4259 4269 207
4259 4275 193
4285 4313 111
4296 4331 126
4300 4338 20
4327 4363 12
4327 4356 65
4345 4348 214
4373 4384 235
4399 4425 34
4423 4462 63
4439 4485 188
4462 4488 299
4490 4502 259
4511 4559 293
4513 4535 224
4530 4564 263
4542 4591 151
4568 4602 255
4589 4604 157
4608 4642 40
4611 4644 34
4639 4655 297
4657 4661 195
4664 4674 115
4694 4739 66
4697 4701 79
4709 4741 188
4723 4769 1
4723 4744 97
4747 4775 164
4765 4815 267
4788 4824 189
4795 4825 45
4799 4803 203
4823 4871 175
4840 4860 134
4856 4895 78
4884 4930 102
4888 4901 273
4894 4914 59
4895 4930 247
4899 4929 73
4914 4927 123
4920 4940 272
4943 4967 98
4960 4969 105
4978 5001 165
5007 5047 2
5012 5051 84
5033 5068 22
5053 5087 17
5054 5082 161
5056 5091 276
5061 5099 281
5081 5105 255
5107 5132 164
5109 5135 248
5123 5133 11
5132 5141 234
5148 5162 42
5173 5185 277
5195 5235 53
5223 5248 94
5233 5282 296
5248 5282 258
5265 5304 42
5266 5287 294
5286 5317 92
5295 5344 143
5324 5356 253
5343 5377 175
5373 5398 93
5386 5409 72
5414 5444 103
5427 5432 16
5453 5475 39
5477 5480 279
5507 5534 96
5525 5548 208
5527 5564 137
5534 5550 72
5555 5602 33
5568 5593 276
5588 5626 102
5589 5603 209
5619 5668 271
5641 5677 258
5665 5697 87
5690 5692 164
5693 5729 296
5702 5706 261
5711 5714 5
5733 5734 155
5748 5752 106
5752 5778 187
5768 5810 71
5789 5799 167
5815 5832 231
5841 5869 69
5841 5855 246
5852 5871 152
5880 5910 52
5899 5933 52
5908 5950 71
5909 5946 160
5915 5958 169
5934 5949 132
5961 5963 188
5985 6004 15
6013 6017 23
6016 6039 148
6046 6095 238
6076 6124 6
6079 6090 263
6085 6103 14
6107 6154 74
6125 6130 104
6139 6169 173
6151 6181 56
6178 6215 26
6193 6203 252
6200 6221 280
6216 6219 286
6220 6230 137
6225 6246 137
6237 6279 57
6261 6285 126
6264 6269 15
6290 6333 186
6296 6323 15
6309 6359 292
6309 6345 46
6329 6373 9
6357 6368 120
6372 6373 125
6372 6398 132
6399 6437 82
6399 6426 6
6419 6443 197
6445 6460 98
6459 6470 155
6479 6519 267
6489 6500 122
6511 6530 289
6512 6517 59
6529 6531 92
6533 6552 62
6533 6572 69
6557 6569 36
6578 6584 116
6579 6613 148
6585 6596 115
6608 6657 247
6619 6657 174
6620 6641 244
6640 6684 19
6653 6663 255
6668 6681 201
6678 6697 260
6695 6717 15
6715 6720 184
6729 6762 197
6745 6749 125
6754 6759 232
6757 6783 275
6775 6786 198
6793 6826 147
6809 6855 159
6810 6813 221
6830 6845 237
6831 6865 114
6861 6866 26
6866 6870 257
6878 6885 239
6896 6935 151
6900 6936 228
6928 6974 256
6929 6931 195
6929 6969 299
6952 6973 27
6966 7008 107
6992 7024 156
6999 7036 244
7002 7013 139
7022 7043 235
7046 7084 206
7063 7089 296
7070 7110 297
7092 7115 149
7115 7152 125
7128 7149 189
7149 7168 150
7164 7193 48
7192 7238 300
7218 7267 227
7247 7277 91
7248 7287 158
7255 7275 234
7271 7311 69
7288 7331 49
7318 7366 16
7335 7381 276
7347 7366 287
7356 7390 181
7366 7374 169
7376 7423 217
7401 7426 227
7431 7471 297
7460 7495 128
7470 7489 88
7492 7511 242
7496 7545 177
7526 7541 98
7541 7548 297
7568 7596 295
7571 7598 146
7585 7629 289
7615 7645 295
7636 7656 28
7643 7674 260
7654 7690 20
7657 7692 216
7670 7680 222
7682 7686 131
7704 7741 53
7709 7751 296
7730 7739 125
7749 7781 145
7757 7770 193
7768 7772 202
7772 7776 235
7785 7835 2
7813 7855 133
7842 7888 140
7847 7879 246
7852 7900 59
7859 7864 140
7863 7897 79
7876 7891 31
7886 7892 227
7905 7914 130
7930 7936 176
7952 8002 49
7956 8006 155
7965 8007 15
7969 7994 222
7993 8035 112
8003 8050 284
8022 8023 204
8036 8046 224
8048 8073 172
8055 8056 28
8067 8091 236
8088 8096 126
8107 8123 57
8131 8159 92
8158 8179 60
8169 8216 240
8179 8186 211
8197 8229 182
8215 8235 71
8231 8281 68
8231 8233 49
8259 8288 74
8267 8278 239
8284 8297 190
8291 8297 159
8305 8306 13
8329 8350 171
8354 8400 295
8366 8397 272
8379 8400 153
8386 8391 121
8391 8420 176
8402 8446 285
8417 8453 234
8431 8457 78
8433 8474 265
8457 8489 143
8457 8462 243
8469 8475 59
8496 8525 192
8519 8537 30
8519 8556 181
8541 8545 91
8550 8594 147
8573 8614 291
8579 8582 136
8581 8628 143
8604 8646 45
8630 8633 170
8639 8654 283
8663 8669 165
8692 8697 58
8718 8726 96
8736 8738 195
8751 8773 163
8766 8788 62
8773 8789 155
8775 8779 274
8805 8816 163
8818 8861 30
8828 8843 57
8841 8871 275
8858 8908 102
8880 8912 214
8899 8937 147
8907 8930 260
8922 8937 58
8949 8951 127
8952 8958 256
8970 9003 221
8993 9004 86
8998 8999 238
9022 9041 182
9037 9083 39
9049 9060 149
9072 9080 181
9091 9131 78
9106 9142 118
9114 9131 244
9139 9162 194
9152 9177 44
9163 9190 48
9166 9171 48
9166 9205 92
9178 9214 136
9193 9240 277
9204 9217 242
9215 9252 274
9237 9284 82
9258 9295 116
9271 9303 203
9273 9320 184
9301 9303 86
9316 9330 260
9320 9330 160
9325 9367 18
9325 9326 7
9337 9366 80
9337 9360 62
9355 9365 31
9371 9380 66
9374 9383 114
9387 9402 31
9404 9450 172
9427 9472 37
9435 9452 24
9446 9486 207
9457 9472 183
9467 9468 290
9475 9498 260
9505 9517 30
9512 9525 214
9521 9529 66
9547 9561 110
9552 9601 215
9556 9577 201
9566 9615 265
9593 9623 84
9602 9610 65
9606 9617 264
9607 9653 15
9626 9667 146
9645 9692 60
9653 9665 289
9672 9701 22
9696 9724 56
9719 9744 176
9735 9748 269
9762 9793 196
9767 9778 217
9791 9798 3
9804 9843 257
9805 9806 252
9807 9813 264
9833 9849 119
9835 9841 3
9862 9872 125
9870 9871 6
9872 9899 285
9878 9880 279
9896 9944 33
9916 9917 249
9943 9955 127
9947 9957 143
9964 9986 252
9993 9996 72
9997 10043 21
10026 10075 77
10031 10079 257
10058 10095 104
10080 10120 188
10088 10119 219
10109 10150 287
10138 10169 35
10151 10188 237
10171 10178 35
10197 10234 172
10204 10222 138
10215 10246 223
10223 10260 48
10237 10242 80
10255 10305 115
10271 10312 232
10288 10309 144
10297 10333 79
10298 10303 294
10298 10328 218
10298 10319 107
10326 10335 298
10345 10388 140
10370 10396 186
10383 10392 198
10403 10438 43
10404 10428 18
10419 10439 214
10431 10451 73
10455 10485 291
10475 10502 124
10487 10491 231
10489 10527 183
10514 10528 261
10517 10539 265
10524 10548 139
10535 10581 1
10559 10602 261
10559 10570 244
10587 10636 121
10594 10610 28
10610 10634 100
10627 10660 31
10657 10675 70
10672 10698 173
10690 10695 290
10692 10724 84
10713 10731 52
10717 10762 71
10723 10765 187
10743 10785 188
10770 10785 95
10774 10817 89
10791 10828 276
10817 10832 161
10843 10863 150
10843 10859 194
10864 10901 44
10869 10892 215
10897 10928 155
10920 10953 269
10940 10947 110
10953 10997 116
10972 10989 113
10988 11025 194
11011 11049 80
11038 11080 215
11063 11081 154
11085 11104 72
11104 11123 204
11112 11149 216
11125 11137 39
11132 11171 75
11135 11157 93
11160 11179 132
11179 11206 192
11189 11205 64
11218 11221 197
11247 11290 58
11277 11312 104
11301 11328 199
11319 11328 222
11332 11367 248
11352 11363 151
11367 11396 295
11397 11405 271
11408 11433 231
11408 11456 188
11431 11450 81
11444 11471 157
11453 11470 275
11458 11473 97
11487 11518 64
11490 11518 18
11504 11517 139
11505 11523 201
11507 11532 16
11524 11537 108
11529 11556 75
11546 11577 201
11558 11580 290
11580 11581 120
11587 11592 17
11596 11626 159
11621 11667 189
11633 11636 146
11654 11699 114
11684 11714 284
11687 11724 63
11691 11706 205
11717 11719 136
11742 11789 187
11747 11767 195
11749 11789 42
11756 11783 235
11770 11797 271
11791 11808 253
11816 11828 41
11822 11857 147
11839 11855 189
11843 11876 12
11868 11891 220
11886 11898 290
11894 11942 31
11901 11937 269
11915 11933 109
11918 11957 30
11932 11982 18
11953 11964 153
11969 12006 73
11994 12002 217
12004 12050 89
12007 12020 183
12008 12023 137
12008 12031 65
12035 12083 179
12059 12074 29
12073 12096 10
12088 12090 188
12092 12139 61
12103 12134 233
12125 12169 168
12139 12161 153
12140 12154 16
12148 12173 16
12172 12219 179
12185 12222 208
12201 12243 84
12205 12240 70
12210 12244 21
12223 12265 87
12235 12272 64
12246 12276 241
12246 12261 39
12261 12273 118
12289 12311 1
12290 12332 161
12311 12348 278
12325 12329 65
12335 12343 282
12350 12351 206
12361 12382 220
12363 12412 154
12380 12400 77
12404 12405 235
12416 12462 203
12421 12435 299
12426 12463 238
12441 12476 270
12464 12473 118
12479 12489 119
12484 12499 78
12493 12497 99
12520 12554 36
12545 12562 25
12562 12572 47
12566 12606 103
12591 12603 34
12603 12644 214
12615 12637 274
12620 12626 168
12625 12662 232
12634 12648 279
12641 12648 198
12667 12679 195
12670 12673 237
12671 12696 94
12701 12717 188
12702 12719 45
12718 12748 47
12736 12784 232
12760 12766 50
12783 12800 158
12810 12859 230
12824 12868 159
12840 12888 17
12864 12910 158
12889 12924 246
12901 12919 196
12911 12916 210
12926 12963 101
12948 12950 248
12967 12980 221
12994 13041 219
12996 13006 109
13013 13052 199
13038 13070 4
13051 13061 141
13068 13113 250
13088 13123 125
13109 13123 171
13129 13144 33
13153 13157 208
13156 13198 60
13174 13203 192
13191 13230 161
13204 13214 17
13227 13229 8
13227 13272 47
13248 13254 122
13257 13296 267
13269 13295 214
13271 13314 288
13292 13311 240
13299 13348 98
13321 13333 6
13333 13334 200
13335 13385 51
13357 13372 79
13374 13379 107
13376 13404 265
13382 13398 152
13401 13423 216
13406 13416 239
13436 13472 126
13463 13480 208
13492 13506 96
13507 13531 155
13514 13529 94
13536 13555 105
13537 13580 110
13537 13549 83
13555 13574 31
13571 13619 144
13593 13595 51
13620 13669 103
13650 13657 53
13653 13693 237
13678 13685 30
13702 13730 80
13722 13752 57
13732 13742 101
13744 13774 182
13761 13775 255
13767 13809 186
13797 13815 10
13812 13856 230
13812 13835 38
13829 13842 295
13829 13859 105
13845 13888 236
13866 13878 27
13876 13919 92
13880 13893 271
13895 13920 139
13923 13973 20
13938 13946 125
13960 13984 175
13971 13975 169
14000 14014 269
14016 14039 136
14033 14038 263
14044 14078 291
14073 14117 18
14076 14078 129
14080 14122 189
14083 14085 81
14108 14154 231
14128 14166 92
14141 14161 165
14156 14170 185
14185 14220 275
14213 14235 60
14233 14245 204
14244 14266 186
14267 14274 62
14291 14314 225
14300 14337 2
14325 14329 82
14339 14364 221
14351 14393 9
14372 14378 64
14374 14396 216
14400 14421 218
14411 14450 142
14412 14447 81
14417 14464 65
14446 14463 53
14470 14476 43
14472 14490 169
14490 14540 31
14516 14562 244
14533 14553 297
14533 14550 168
14552 14584 199
14581 14624 209
14609 14646 198
14629 14646 71
14647 14686 206
14648 14678 128
14657 14674 237
14681 14730 48
14708 14730 61
14733 14753 146
14752 14782 103
14752 14776 188
14779 14781 12
14807 14854 78
14807 14810 219
14830 14861 21
14839 14889 244
14843 14878 197
14844 14885 220
14857 14903 242
14860 14873 157
14876 14923 209
14886 14911 282
14908 14924 50
14929 14976 266
14949 14979 168
14967 15014 140
14977 14984 223
14984 15018 282
14991 15019 127
15013 15032 291
15043 15067 295
15071 15082 155
15095 15144 231
15104 15116 62
15115 15137 284
15144 15155 44
15147 15157 234
15149 15197 106
15173 15197 192
15192 15198 111
15204 15231 251
15228 15231 106
15247 15292 136
15269 15285 209
15285 15290 231
15314 15363 104
15330 15353 222
15343 15346 221
15347 15350 140
15359 15369 239
15378 15379 66
15408 15427 296
15428 15453 225
15458 15506 63
15463 15489 146
15490 15529 142
15513 15516 218
15542 15589 169
15552 15594 7
15572 15576 99
15582 15610 141
15611 15650 107
15621 15638 92
15632 15636 115
15638 15679 239
15639 15668 223
15648 15663 77
15670 15719 127
15674 15681 121
15687 15692 90
15711 15722 275
15732 15740 204
15739 15773 247
15750 15762 69
15756 15772 118
15775 15780 26
15798 15812 30
15815 15834 83
15841 15884 179
15866 15883 1
15877 15898 112
15887 15929 7
15891 15926 184
15902 15912 22
15919 15961 214
15936 15950 11
15960 15961 17
15977 15985 61
15986 16007 136
16002 16043 265
16021 16032 73
16025 16035 137
16053 16101 75
16072 16083 270
16084 16133 165
16091 16129 181
16121 16162 259
16127 16165 10
16156 16184 294
16179 16189 262
16196 16239 207
16225 16246 237
16242 16260 241
16245 16266 167
16270 16310 294
16279 16296 207
16279 16282 223
16296 16306 240
16311 16350 98
16320 16354 169
16339 16364 251
16356 16366 23
16370 16389 266
16380 16398 161
16410 16445 165
16436 16459 253
16446 16481 13
16460 16482 248
16488 16535 154
16503 16552 96
16513 16515 25
16529 16569 187
16553 16565 299
16571 16572 266
16581 16608 42
16585 16597 26
16605 16612 54
16607 16652 42
16631 16660 87
16659 16661 259
16689 16705 293
16718 16740 59
16734 16747 190
16734 16753 272
16744 16774 79
16763 16775 260
16769 16784 191
16769 16818 298
16781 16830 52
16806 16824 214
16815 16822 184
16825 16868 170
16833 16841 150
16850 16851 153
16880 16914 293
16888 16902 236
16918 16928 148
16920 16956 48
16923 16962 45
16937 16940 151
16964 16976 231
16973 16996 93
16994 17011 93
16998 17021 187
17006 17046 166
17035 17083 3
17037 17044 222
17042 17083 11
17045 17087 28
17072 17115 177
17090 17109 157
17107 17123 253
17133 17143 259
17148 17186 256
17153 17186 224
17156 17190 265
17156 17198 90
17160 17175 165
17176 17183 56
17188 17203 64
17218 17236 108
17242 17282 62
17272 17313 249
17278 17319 148
17292 17309 237
17297 17331 12
17299 17300 198
17303 17307 134
17327 17361 16
17345 17394 107
17362 17366 109
17365 17403 167
17373 17398 239
17392 17411 36
17398 17437 194
17406 17453 9
17415 17454 211
17431 17458 143
17453 17471 76
17472 17521 73
17490 17520 107
17492 17524 205
17496 17517 153
17507 17535 160
17536 17540 214
17557 17580 77
17577 17593 218
17606 17618 296
17636 17661 114
17653 17699 106
17663 17691 130
17671 17675 19
17686 17688 160
17703 17711 297
17714 17756 269
17736 17739 233
17749 17763 233
17773 17816 85
17800 17810 221
17829 17841 103
17830 17860 111
17849 17862 43
17872 17913 262
17881 17887 278
17901 17904 96
17928 17971 282
17952 17960 152
17956 17964 151
17977 18022 19
18001 18036 7
18021 18037 73
18027 18065 67
18042 18074 113
18045 18084 259
18060 18104 179
18066 18094 241
18086 18132 2
18102 18113 289
18104 18147 275
18106 18115 144
18124 18155 154
18149 18164 186
18165 18190 80
18172 18179 123
18183 18222 209
18199 18249 168
18203 18238 49
18210 18222 136
18237 18260 105
18262 18267 208
18286 18318 282
18299 18345 67
18306 18335 10
18335 18337 27
18342 18382 84
18365 18404 160
18375 18396 251
18377 18405 188
18382 18415 49
18385 18408 141
18386 18394 287
18411 18426 212
18421 18449 92
18431 18475 264
18438 18463 279
18441 18490 135
18442 18458 273
18462 18470 206
18466 18513 165
18478 18481 284
18478 18494 290
18488 18524 262
18494 18498 282
18506 18535 90
18520 18568 30
18550 18597 207
18572 18585 159
18581 18617 253
18609 18656 97
18639 18655 140
18666 18702 259
18669 18706 247
18681 18683 130
18690 18712 224
18712 18750 212
18720 18750 105
18736 18751 202
18744 18760 241
18758 18789 45
18782 18808 291
18801 18828 137
18820 18865 246
18820 18837 87
18834 18870 276
18854 18888 68
18867 18914 47
18890 18914 245
18911 18921 184
18929 18978 91
18940 18969 125
18965 18982 175
18992 19032 116
19000 19032 294
19017 19049 167
19018 19067 294
19038 19060 229
19053 19068 108
19060 19099 179
19083 19087 204
19089 19126 159
19113 19126 85
19129 19135 200
19149 19158 47
19176 19183 232
19180 19229 287
19195 19226 64
19224 19269 3
19227 19264 40
19246 19255 42
19251 19260 9
19277 19316 278
19302 19342 155
19309 19310 158
19309 19325 95
19327 19353 222
19355 19400 290
19355 19366 16
19380 19396 122
19389 19423 255
19389 19423 299
19409 19452 294
19426 19453 299
19438 19442 276
19451 19488 160
19453 19467 131
19462 19465 79
19480 19526 226
19488 19537 214
19514 19539 84
19530 19541 34
19537 19574 214
19545 19558 69
19573 19582 213
19595 19613 54
19623 19660 252
19629 19638 73
19634 19670 148
19647 19693 12
19676 19726 284
19698 19717 97
19718 19730 133
19748 19754 141
19766 19796 118
19776 19825 59
19777 19781 92
19777 19810 238
19798 19832 223
19806 19852 14
19829 19848 228
19833 19863 288
19854 19874 242
19879 19885 279
19879 19892 112
19908 19957 171
19938 19954 144
19955 19984 74
19981 19996 172
19997 20001 99
20013 20047 256
20034 20078 197
20062 20100 298
20073 20112 276
20102 20132 145
20104 20108 62
20123 20139 248
20145 20163 113
20174 20207 76
20184 20229 47
20206 20227 262
20235 20271 272
20254 20292 111
20280 20309 223
20287 20335 269
20298 20332 97
20328 20361 203
20349 20391 14
20376 20389 273
20378 20422 17
20397 20402 290
20399 20425 149
20420 20459 299
20420 20452 85
20437 20450 146
20449 20471 220
20463 20488 82
20477 20516 176
20487 20508 87
20495 20539 86
20519 20538 182
20526 20551 162
20535 20543 236
20565 20578 291
20583 20629 296
20599 20624 251
20609 20637 237
20635 20664 150
20661 20671 20
20679 20685 260
20696 20705 192
20719 20721 269
20732 20760 292
20756 20761 64
20764 20808 167
20792 20815 100
20807 20814 193
20809 20852 193
20822 20862 78
20822 20864 190
20842 20879 271
20871 20898 56
20894 20895 42
20903 20916 34
20922 20955 157
20929 20945 300
20933 20969 95
20945 20957 221
20950 20985 104
20968 21009 128
20981 21004 30
20995 21008 257
21014 21036 12
21034 21043 8
21064 21105 37
21081 21099 105
21090 21134 14
21109 21125 248
21112 21114 181
21128 21170 120
21145 21185 68
21155 21173 247
21163 21210 205
21174 21189 106
21197 21220 232
21200 21218 248
21229 21233 172
21243 21277 214
21243 21251 210
21267 21312 129
21279 21316 191
21282 21304 44
21292 21315 258
21321 21365 251
21340 21355 146
21362 21380 252
21386 21400 195
21406 21427 33
21423 21436 94
21428 21436 165
21450 21490 14
21464 21485 61
21493 21500 51
21501 21551 205
21510 21521 86
21511 21538 4
21518 21566 271
21520 21538 82
21549 21572 224
21554 21578 79
21561 21564 290
21583 21596 282
21598 21633 260
21609 21630 84
21622 21672 175
21648 21663 276
21649 21657 76
21677 21682 190
21693 21740 264
21718 21728 3
21727 21745 131
21740 21787 212
21767 21782 166
21771 21781 300
21773 21794 138
21785 21834 81
21795 21813 264
21816 21845 106
21838 21869 159
21858 21893 68
21874 21913 236
21878 21921 266
21894 21907 51
21898 21946 253
21915 21935 289
21920 21953 87
21942 21978 237
21945 21990 205
21974 21975 15
21997 22022 276
22009 22045 226
22027 22059 25
22053 22082 192
22075 22108 102
22092 22107 153
22109 22150 6
22130 22141 268
22147 22148 199
22156 22196 168
22174 22215 152
22179 22220 147
22206 22209 282
22236 22240 178
22266 22281 199
22277 22316 287
22290 22291 149
22300 22314 172
22303 22326 293
22322 22365 30
22328 22375 76
22331 22335 263
22341 22353 1
22352 22374 290
22369 22411 6
22395 22443 241
22409 22456 144
22422 22469 289
22447 22492 63
22449 22453 60
22476 22481 217
22500 22520 105
22502 22523 29
22515 22524 149
22542 22565 158
22556 22590 165
22575 22605 133
22602 22652 243
22627 22647 9
22640 22686 42
22650 22672 69
22663 22677 199
22690 22734 220
22701 22730 31
22705 22735 122
22705 22715 68
22727 22755 208
22729 22772 5
22758 22764 69
22771 22795 52
22794 22800 140
22795 22821 108
22810 22835 134
22830 22872 167
22860 22866 62
22865 22868 12
22878 22890 232
22897 22913 61
22926 22958 112
22956 23006 287
22974 22996 256
22979 23024 242
22996 23027 134
23021 23024 201
23035 23078 194
23038 23074 140
23046 23047 96
23067 23100 113
23080 23101 278
23083 23124 261
23083 23088 25
23106 23116 153
23125 23132 198
23150 23182 244
23160 23186 257
23190 23208 19
23214 23233 173
23229 23270 42
23257 23301 61
23287 23305 271
23310 23315 166
23319 23337 267
23325 23369 245
23337 23363 48
23341 23344 51
23371 23405 142
23378 23413 10
23383 23389 12
23394 23431 260
23404 23442 281
23420 23421 287
23444 23479 156
23461 23485 45
23480 23530 42
23497 23498 51
23515 23553 15
23517 23539 24
23537 23574 293
23543 23570 1
23558 23608 123
23563 23592 254
23564 23606 178
23567 23602 233
23594 23604 106
23623 23631 35
23638 23667 247
23660 23680 202
23666 23712 9
23669 23679 238
23676 23721 224
23698 23729 228
23713 23743 97
23735 23773 148
23743 23777 10
23760 23779 169
23785 23811 45
23791 23816 220
23817 23818 61
23833 23868 233
23851 23868 224
23853 23885 169
23858 23870 194
23887 23889 287
23913 23937 159
23926 23957 141
23953 23957 240
23961 23994 271
23970 24010 161
23996 24000 249
24003 24047 97
24005 24033 30
24025 24033 291
24052 24076 108
24080 24096 102
24086 24109 238
24101 24129 267
24112 24157 146
24130 24137 182
24136 24146 133
24158 24180 191
24172 24188 178
24195 24204 276
24195 24210 105
24217 24219 36
24238 24270 80
24244 24260 55
24263 24284 218
24274 24288 73
24304 24324 108
24309 24349 241
24327 24356 59
24355 24369 216
24357 24401 129
24387 24394 172
24411 24415 178
24435 24475 18
24454 24496 164
24462 24510 155
24477 24481 33
24491 24511 210
24519 24569 112
24545 24582 65
24566 24603 219
24579 24593 104
24598 24609 149
24599 24603 118
24628 24643 179
24631 24661 132
24632 24673 157
24637 24665 279
24661 24662 25
24684 24726 252
24702 24710 120
24712 24735 49
24727 24758 161
24742 24744 300
24745 24774 290
24762 24769 84
24786 24818 299
24812 24860 198
24842 24848 104
24852 24884 290
24872 24883 249
24880 24884 154
24905 24906 238
24927 24972 172
24933 24967 165
24946 24971 288
24962 24979 275
24962 24972 30
24986 24996 145
25006 25012 29
25034 25067 260
25040 25058 117
25047 25064 82
25050 25076 16
25066 25079 135
25082 25096 22
25089 25093 273
25102 25109 133
25113 25119 196
25134 25163 66
25144 25180 115
25161 25196 227
25172 25222 118
25202 25241 6
25207 25226 13
25215 25236 155
25226 25255 295
25241 25283 180
25249 25293 120
25264 25268 135
25283 25294 192
25287 25299 233
25298 25307 113
25306 25336 15
25314 25341 126
25342 25350 99
25353 25368 90
25362 25404 299
25381 25417 7
25394 25440 178
25408 25421 117
25416 25449 200
25431 25464 223
25459 25462 273
25459 25486 168
25485 25529 148
25496 25506 129
25522 25572 40
25522 25524 172
25524 25567 254
25532 25552 106
25548 25598 164
25570 25572 14
25590 25607 8
25593 25595 284
25616 25628 290
25619 25669 49
25646 25681 43
25650 25677 110
25677 25706 87
25696 25707 8
25714 25729 234
25729 25771 64
25746 25784 223
25766 25792 156
25794 25826 9
25823 25843 186
25824 25842 238
25833 25857 154
25833 25881 282
25836 25862 71
25856 25892 54
25865 25906 111
25872 25921 25
25882 25929 65
25907 25933 218
25930 25953 213
25931 25962 72
25946 25965 180
25976 26000 242
25980 26026 107
25986 25996 164
25989 25990 70
25994 26020 274
25996 26043 56
26010 26048 185
26011 26041 218
26032 26064 213
26059 26083 88
26087 26118 283
26117 26147 86
26146 26153 219
26169 26192 129
26172 26181 202
26195 26196 21
26197 26223 231
26210 26234 204
26233 26239 26
26244 26279 191
26256 26260 79
26262 26267 80
26283 26292 4
26307 26320 32
26315 26330 155
26342 26366 41
26370 26396 53
26372 26386 224
26388 26410 7
26409 26414 229
26431 26436 224
26457 26498 182
26464 26507 207
26475 26487 184
26500 26507 24
26507 26515 90
26537 26583 166
26552 26577 91
26558 26587 270
26583 26608 7
26584 26606 5
26602 26607 142
26624 26645 298
26626 26628 48
26629 26667 282
26635 26677 262
26657 26696 100
26686 26731 294
26689 26710 146
26705 26709 145
26724 26737 227
26743 26771 16
26768 26793 289
26782 26803 5
26786 26800 202
26807 26825 175
26808 26844 236
26822 26853 275
26833 26874 289
26840 26852 49
26869 26881 228
26870 26890 275
26878 26909 57
26901 26944 177
26925 26973 71
26933 26950 151
26939 26981 8
26946 26980 248
26950 26976 12
26975 26991 105
26999 27014 8
27026 27071 126
27035 27040 246
27058 27093 52
27082 27093 229
27094 27140 13
27101 27114 213
27125 27138 193
27137 27153 107
27154 27155 193
27171 27179 267
27193 27218 166
27196 27233 50
27198 27242 148
27208 27241 14
27214 27245 1
27237 27265 102
27251 27294 222
27268 27291 232
27296 27321 140
27326 27351 17
27339 27360 49
27352 27387 9
27368 27391 170
27370 27392 26
27396 27415 221
27418 27440 109
27421 27464 207
27438 27449 283
27464 27482 180
27490 27537 97
27498 27521 236
27501 27513 46
27509 27522 89
27524 27560 79
27551 27584 148
27570 27602 112
27570 27606 45
27600 27640 41
27626 27647 275
27652 27680 261
27668 27676 66
27696 27734 155
27700 27722 224
27705 27740 171
27719 27728 187
27737 27766 264
27750 27760 251
27753 27761 162
27767 27783 298
27785 27809 137
27793 27819 8
27800 27823 203
27817 27833 73
27820 27854 271
27833 27865 192
27856 27881 109
27865 27912 239
27895 27936 59
27904 27928 45
27915 27943 231
27945 27969 240
27965 27976 226
27969 27992 109
27999 28001 262
28000 28040 235
28023 28068 127
28026 28038 142
28031 28058 196
28059 28081 10
28082 28103 186
28093 28136 282
28106 28126 8
28130 28146 188
28139 28174 115
28148 28181 279
28156 28174 89
28163 28212 236
28172 28205 97
28189 28229 38
28212 28220 136
28216 28264 256
28246 28281 91
28258 28272 181
28261 28299 83
28261 28293 164
28289 28305 242
28310 28339 76
28319 28329 37
28327 28355 245
28333 28372 55
28361 28388 161
28390 28430 228
28411 28460 248
28427 28440 214
28447 28476 41
28468 28489 268
28484 28489 215
28499 28528 72
28517 28562 181
28524 28562 153
28541 28571 195
28557 28569 284
28585 28596 278
28613 28643 21
28619 28665 172
28643 28650 31
28665 28711 105
28670 28703 74
28692 28739 251
28714 28738 153
28731 28766 280
28746 28781 69
28754 28791 233
28784 28805 54
28788 28823 88
28813 28824 279
28827 28861 36
28837 28863 142
28851 28861 181
28862 28874 264
28876 28895 252
28900 28941 236
28923 28924 181
28931 28958 28
28949 28952 27
28961 28973 297
28979 29025 238
28998 29003 204
29002 29028 216
29025 29045 94
29050 29086 62
29079 29080 72
29096 29125 123
29106 29128 62
29119 29162 25
29136 29147 50
29136 29143 244
29143 29156 29
29145 29167 148
29150 29156 299
29178 29227 273
29190 29218 108
29216 29224 36
29236 29239 2
29251 29257 97
29279 29287 127
29281 29299 272
29304 29333 240
29311 29333 190
29329 29371 102
29340 29389 154
29361 29375 229
29377 29418 299
29383 29416 17
29387 29397 100
29410 29426 28
29420 29448 127
29448 29490 90
29449 29481 188
29463 29501 278
29476 29505 139
29492 29527 95
29502 29551 192
29514 29529 226
29516 29531 300
29542 29578 3
29543 29549 8
29549 29553 154
29575 29595 288
29590 29620 211
29595 29634 231
29599 29600 11
29621 29636 202
29640 29647 196
29653 29687 174
29672 29691 116
29686 29735 213
29707 29752 101
29737 29758 248
29753 29763 105
29762 29781 205
29778 29825 3
29782 29803 59
29783 29792 82
29810 29836 292
29832 29875 130
29841 29879 268
29862 29910 254
29891 29895 250
29901 29913 91
29923 29972 62
29924 29972 14
29954 29968 116
29969 29999 296
29984 29992 11
30009 30027 269
30029 30074 143
30055 30101 58
30065 30074 48
30065 30069 278
30068 30095 217
30076 30103 61
30077 30107 130
30103 30125 67
30105 30135 125
30118 30136 91
30143 30189 297
30169 30184 20
30196 30245 77
30214 30250 204
30235 30237 20
30238 30247 86
30246 30260 19
30276 30313 133
30297 30339 123
30302 30314 227
30306 30309 187
30329 30345 71
30342 30359 128
30371 30394 153
30388 30415 142
30396 30425 118
30403 30432 16
30408 30428 92
30413 30456 54
30433 30454 163
30450 30456 101
30478 30499 210
30493 30504 176
30501 30543 220
30506 30521 291
30514 30562 262
30517 30524 49
30537 30547 221
30554 30562 99
30565 30600 31
30566 30588 46
30596 30624 179
30619 30644 154
30645 30682 4
30648 30681 199
30661 30699 107
30672 30677 189
30700 30711 273
30709 30747 9
30713 30763 199
30739 30789 293
30758 30778 42
30767 30778 152
30777 30779 156
30791 30801 275
30803 30809 57
30810 30816 156
30824 30854 2
30848 30891 127
30878 30907 119
30888 30935 18
30899 30911 101
30910 30911 257
30914 30947 98
30942 30959 146
30949 30972 6
30977 30978 148
30981 30994 235
31009 31017 64
31029 31041 239
31035 31064 120
31055 31076 196
31062 31085 126
31089 31107 178
31113 31157 293
31125 31140 277
31126 31166 258
31137 31148 266
31160 31209 293
31173 31183 54
31202 31223 33
31217 31234 199
31223 31259 109
31226 31255 113
31237 31280 62
31255 31281 231
31267 31313 46
31267 31308 240
31276 31300 202
31287 31306 211
31303 31315 215
31316 31358 50
31318 31330 172
31333 31364 42
31349 31395 26
31373 31404 15
31395 31396 135
31419 31426 262
31448 31464 252
31469 31501 260
31495 31498 285
31496 31531 45
31510 31556 237
31536 31576 200
31554 31575 275
31584 31593 264
31611 31658 265
31621 31662 210
31648 31672 198
31649 31675 165
31678 31709 43
31678 31723 119
31688 31720 106
31695 31711 115
31702 31723 277
31710 31727 44
31723 31761 253
31727 31775 183
31752 31795 17
31781 31811 91
31783 31823 109
31806 31820 260
31818 31860 267
31841 31843 12
31850 31895 280
31879 31928 144
31906 31941 41
31928 31974 26
31936 31984 196
31942 31972 272
31951 31988 163
31951 32001 257
31981 31996 92
31995 32018 117
32002 32051 30
32022 32066 150
32031 32046 251
32047 32095 278
32060 32086 206
32077 32113 264
32089 32122 42
32102 32114 282
32115 32118 113
32142 32192 270
32148 32196 175
32173 32193 48
32183 32228 10
32186 32228 251
32206 32248 15
32232 32271 55
32258 32266 109
32266 32315 130
32296 32326 44
32324 32355 191
32342 32358 121
32366 32387 145
32380 32427 64
32381 32415 194
32393 32394 238
32397 32418 273
32410 32436 284
32439 32465 245
32439 32463 201
32441 32467 39
32443 32489 146
32447 32459 283
32477 32517 108
32506 32544 73
32534 32557 141
32542 32574 287
32543 32568 99
32546 32552 30
32546 32559 145
32571 32583 99
32601 32615 263
32624 32642 151
32624 32649 8
32647 32669 110
32648 32687 106
32662 32670 251
32678 32687 37
32695 32702 63
32719 32760 242
32724 32754 36
32728 32768 3
32736 32752 289
32753 32758 87
32762 32773 134
32772 32773 165
32793 32807 52
32801 32835 182
32805 32811 233
32834 32850 258
32856 32866 147
32881 32895 22
32900 32944 150
32912 32923 172
32942 32979 185
32965 32988 45
32972 33020 50
32999 33043 39
33024 33026 59
33031 33061 271
33050 33070 89
33054 33079 192
33071 33095 181
33094 33122 113
33120 33150 295
33125 33127 191
33135 33146 256
33163 33205 65
33166 33180 208
33181 33230 175
33184 33229 257
33201 33212 177
33215 33235 93
33243 33284 231
33245 33256 176
33272 33288 64
33301 33343 69
33329 33330 239
33343 33382 261
33371 33411 52
33390 33404 253
33409 33456 278
33426 33459 180
33443 33489 18
33449 33451 191
33455 33489 158
33458 33493 19
33473 33502 69
33474 33518 169
33495 33536 86
33495 33530 248
33525 33535 35
33543 33573 86
33565 33613 32
33576 33582 222
33601 33651 294
33622 33632 44
33626 33656 151
33631 33642 169
33657 33696 25
33687 33713 33
33707 33711 175
33718 33719 135
33734 33759 243
33734 33758 133
33751 33778 5
33755 33766 263
33776 33820 95
33803 33830 127
33813 33819 239
33837 33885 220
33843 33852 259
33856 33876 240
33868 33873 269
33877 33905 201
33898 33930 215
33900 33921 188
33924 33932 17
33946 33986 55
33958 33966 84
33966 33988 287
33977 33989 64
33978 33988 47
33981 33998 162
34005 34025 233
34005 34008 203
34010 34028 215
34010 34020 100
34037 34047 282
34044 34065 52
34053 34086 10
34070 34120 262
34084 34119 109
34113 34119 208
34116 34126 109
34146 34184 61
34155 34205 100
34174 34194 133
34195 34220 299
34195 34202 274
34208 34237 88
34217 34220 275
34230 34280 260
34235 34247 71
34244 34260 189
34245 34269 272
34255 34282 124
34265 34269 80
34286 34287 160
34293 34309 12
34303 34308 289
34321 34350 259
34338 34358 79
34353 34370 113
34381 34385 119
34402 34416 244
34408 34443 169
34420 34467 200
34439 34441 227
34441 34463 214
34452 34489 219
34453 34481 67
34475 34480 19
34489 34499 287
34519 34537 263
34526 34534 209
34550 34579 186
34561 34570 281
34571 34579 209
34583 34625 66
34598 34621 194
34611 34648 40
34636 34662 69
34651 34694 252
34671 34692 287
34672 34704 6
34685 34703 123
34705 34737 147
34733 34767 165
34740 34767 235
34765 34777 295
34783 34813 24
34804 34810 20
34828 34853 128
34851 34868 193
34854 34883 94
34867 34903 268
34879 34911 281
34895 34944 280
34914 34955 184
34927 34934 163
34941 34968 258
34956 35002 267
34956 35001 248
34980 35027 294
35010 35043 82
35031 35069 280
35032 35066 270
35035 35085 174
35044 35092 41
35061 35111 51
35082 35092 298
35108 35126 131
35112 35131 264
35140 35182 180
35143 35189 22
35165 35170 35
35183 35225 216
35187 35225 138
35197 35226 72
35225 35227 157
35229 35258 20
35242 35254 227
35246 35262 165
35273 35320 101
35273 35320 165
35287 35288 103
35313 35354 149
35333 35368 64
35337 35338 205
35352 35368 245
35369 35377 191
35391 35403 164
35421 35456 68
35433 35449 228
35434 35482 202
35460 35495 272
35482 35485 42
35512 35522 86
35531 35549 104
35551 35557 188
35577 35595 98
35577 35581 158
35587 35622 222
35598 35636 105
35618 35623 293
35643 35684 207
35658 35679 194
35674 35720 94
35698 35744 299
35712 35722 256
35716 35737 292
35729 35753 184
35732 35741 283
35738 35756 153
35742 35772 40
35744 35765 21
35756 35795 68
35773 35799 1
35784 35830 33
35789 35803 264
35806 35815 276
35820 35841 62
35849 35899 30
35862 35883 27
35873 35920 15
35903 35910 22
35929 35948 126
35953 35978 108
35964 36012 43
35980 36005 295
35993 36005 219
36018 36053 107
36028 36041 19
36057 36103 68
36081 36094 170
36098 36099 285
36122 36152 190
36130 36133 208
36141 36185 99
36153 36164 136
36156 36172 256
36173 36202 200
36176 36203 13
36198 36244 251
36217 36251 27
36223 36268 190
36227 36265 153
36245 36275 101
36264 36301 283
36276 36317 236
36302 36343 57
36328 36377 158
36330 36335 42
36345 36354 263
36372 36392 196
36391 36427 232
36397 36410 33
36420 36442 213
36428 36466 206
36433 36468 88
36448 36465 205
36472 36508 275
36480 36496 285
36492 36515 285
36519 36555 295
36523 36573 236
36553 36558 295
36582 36595 116
36587 36594 300
36616 36631 295
36622 36627 180
36624 36642 110
36641 36684 82
36666 36692 112
36690 36715 19
36701 36747 280
36729 36748 55
36756 36797 179
36776 36809 55
36804 36823 214
36820 36839 34
36830 36864 232
36850 36898 237
36867 36914 294
36875 36912 215
36903 36919 283
36917 36932 17
36937 36975 28
36954 36963 113
36961 37004 199
36989 37029 135
36992 37034 215
36998 37047 212
37026 37031 5
37028 37078 156
37037 37044 55
37050 37061 3
37067 37097 179
37092 37132 152
37094 37113 239
37115 37146 205
37133 37140 149
37137 37186 74
37153 37170 92
37168 37185 228
37185 37230 145
37188 37227 174
37196 37203 192
37196 37238 164
37215 37230 9
37217 37267 11
37222 37269 238
37224 37261 207
37233 37244 288
37263 37296 110
37274 37280 151
37282 37284 106
37301 37310 248
37304 37346 145
37330 37336 150
37357 37372 231
37374 37394 200
37399 37408 190
37426 37476 124
37451 37487 240
37472 37514 166
37491 37513 2
37502 37508 248
37507 37527 28
37533 37575 59
37550 37588 185
37573 37601 231
37583 37610 22
37611 37653 52
37613 37627 111
37616 37661 156
37629 37654 293
37659 37695 203
37672 37687 224
37683 37719 169
37699 37748 103
37726 37749 161
37753 37778 36
37775 37808 135
37780 37824 144
37789 37813 287
37796 37846 71
37797 37813 131
37815 37859 196
37843 37890 178
37865 37886 291
37867 37876 187
37886 37919 262
37900 37909 294
37923 37924 3
37925 37970 245
37937 37979 65
37954 37975 57
37962 38002 68
37962 38001 270
37977 37993 176
37977 37989 187
38005 38053 94
38023 38045 274
38050 38076 28
38053 38100 147
38072 38104 223
38084 38129 173
38109 38131 134
38125 38159 208
38127 38128 259
38136 38138 18
38153 38160 145
38154 38192 10
38184 38207 133
38195 38241 240
38205 38208 23
38221 38230 97
38229 38230 226
38251 38262 43
38256 38296 299
38270 38289 183
38282 38297 159
38302 38332 296
38302 38310 263
38307 38334 208
38330 38354 61
38354 38391 176
38362 38391 5
38382 38431 62
38398 38432 39
38398 38402 152
38422 38443 58
38428 38453 222
38449 38465 61
38461 38477 19
38468 38485 113
38480 38493 24
38496 38529 241
38519 38563 162
38527 38544 260
38544 38592 296
38566 38572 94
38590 38602 118
38612 38652 107
38639 38666 150
38661 38692 37
38685 38716 51
38698 38735 166
38716 38743 214
38730 38779 220
38734 38743 175
38735 38736 39
38763 38772 209
38766 38807 208
38786 38814 200
38790 38825 110
38810 38832 297
38812 38846 10
38839 38873 192
38859 38887 118
38877 38891 254
38883 38903 267
38896 38906 88
38926 38962 259
38939 38965 279
38945 38994 181
38948 38957 167
38964 38974 81
38973 39003 264
38998 39035 14
39006 39035 148
39013 39045 42
39031 39035 56
39048 39078 208
39058 39074 276
39084 39131 201
39093 39122 55
39093 39128 145
39109 39159 187
39138 39155 119
39164 39206 45
39173 39191 245
39187 39213 96
39208 39216 45
39234 39276 190
39240 39285 144
39249 39266 5
39273 39277 9
39298 39305 283
39310 39321 281
39330 39365 240
39358 39373 275
39384 39410 175
39394 39396 100
39421 39450 133
39425 39460 133
39437 39476 112
39459 39505 147
39474 39498 33
39488 39509 38
39518 39526 13
39539 39548 268
39539 39573 76
39549 39594 90
39549 39557 293
39576 39587 244
39579 39617 282
39599 39632 29
39611 39656 188
39640 39662 15
39663 39698 181
39691 39692 92
39711 39713 174
39715 39761 293
39742 39779 259
39758 39808 213
39778 39791 111
39778 39812 89
39797 39813 2
39816 39852 237
39825 39843 103
39828 39834 241
39847 39870 29
39862 39864 261
39886 39921 8
39895 39930 203
39916 39952 225
39930 39935 11
39954 39968 220
39969 39984 83
39981 40009 227
40000 40023 134
40025 40075 91
40052 40076 194
40052 40072 15
40060 40072 256
40075 40102 47
40083 40132 259
40093 40095 13
40117 40154 224
40120 40161 134
40142 40151 299
40159 40169 131
40183 40184 113
40184 40185 300
40200 40230 173
40220 40227 9
40244 40248 262
40262 40286 276
40284 40296 13
40290 40293 192
40300 40311 113
40319 40334 24
40329 40373 200
40335 40349 184
40353 40397 203
40360 40391 13
40386 40400 189
40387 40393 97
40396 40431 129
40407 40449 296
40407 40456 275
40427 40447 245
40457 40496 29
40477 40524 166
40497 40498 191
40517 40559 118
40535 40561 111
40557 40575 160
40583 40600 200
40613 40659 66
40624 40629 223
40650 40656 208
40673 40689 195
40693 40713 293
40720 40750 191
40723 40763 165
40733 40782 279
40761 40774 244
40786 40799 103
40788 40814 286
40798 40818 13
40798 40837 256
40798 40827 20
40815 40824 163
40835 40877 105
40860 40904 257
40880 40889 175
40887 40910 205
40893 40933 66
40903 40917 187
40925 40959 182
40951 40962 127
40961 41004 33
40982 41030 54
40995 41002 282
41010 41051 244
41018 41067 207
41035 41064 246
41062 41075 283
41083 41087 226
41090 41095 14
41111 41149 105
41130 41134 34
41152 41192 201
41165 41214 102
41179 41202 24
41206 41215 89
41235 41257 99
41238 41288 130
41255 41297 205
41279 41322 11
41299 41348 72
41319 41364 288
41323 41326 134
41327 41336 6
41332 41371 35
41359 41381 1
41369 41400 37
41376 41400 172
41402 41422 213
41432 41481 122
41451 41482 122
41471 41482 18
41480 41516 21
41494 41533 62
41518 41540 294
41531 41533 33
41538 41539 35
41538 41562 63
41547 41592 136
41574 41624 108
41581 41612 81
41592 41638 71
41613 41644 237
41617 41637 181
41626 41676 300
41645 41650 7
41649 41672 64
41662 41708 182
41682 41715 124
41689 41723 224
41717 41743 219
41736 41751 231
41746 41755 161
41760 41775 159
41770 41812 259
41780 41799 224
41791 41840 228
41815 41842 158
41831 41856 32
41850 41855 261
41868 41882 118
41881 41892 7
41901 41932 116
41911 41951 122
41931 41977 196
41950 41961 138
41958 41974 166
41978 41996 183
42003 42014 180
42033 42054 280
42054 42067 258
42058 42079 189
42072 42098 243
42098 42122 229
42101 42151 282
42118 42128 185
42142 42159 197
42159 42191 52
42169 42171 243
42190 42230 71
42194 42212 204
42200 42226 140
42214 42219 80
42234 42257 105
42238 42247 31
42243 42252 166
42262 42272 84
42285 42333 253
42293 42304 21
42323 42330 297
42349 42378 112
42364 42407 286
42375 42382 58
42397 42441 144
42409 42416 104
42432 42441 100
42458 42506 193
42483 42524 147
42505 42511 179
42530 42559 240
42546 42577 158
42561 42571 67
42568 42593 70
42569 42570 168
42599 42647 282
42619 42626 142
42628 42648 267
42645 42678 274
42645 42676 213
42657 42670 44
42672 42711 8
42696 42708 225
42717 42728 192
42733 42756 178
42751 42761 248
42753 42780 265
42755 42764 233
42758 42795 25
42786 42803 128
42787 42806 281
42790 42802 59
42796 42814 164
42801 42813 153
42806 42820 13
42817 42867 228
42840 42844 130
42842 42872 124
42861 42883 211
42869 42878 178
42872 42922 150
42900 42948 194
42928 42945 247
42958 42968 166
42972 42998 287
42999 43012 190
43024 43027 136
43029 43057 272
43052 43097 278
43075 43108 80
43075 43111 223
43099 43125 131
43116 43125 189
43145 43192 54
43169 43201 108
43192 43200 32
43192 43200 9
43218 43245 221
43232 43271 168
43248 43281 88
43253 43296 226
43265 43282 216
43274 43286 154
43289 43336 23
43309 43356 59
43330 43347 226
43340 43364 137
43355 43366 281
43370 43371 77
43383 43427 238
43408 43438 259
43419 43443 169
43434 43477 30
43441 43457 276
43453 43491 288
43454 43457 212
43461 43500 118
43487 43533 61
43499 43547 283
43511 43537 144
43524 43553 57
43524 43538 138
43534 43576 203
43541 43549 192
43556 43591 168
43580 43627 11
43604 43647 92
43611 43637 92
43620 43632 5
43638 43657 279
43642 43667 245
43652 43678 124
43663 43674 205
43677 43692 133
43684 43702 258
43694 43735 228
43706 43753 134
43716 43722 16
43719 43753 72
43738 43786 184
43755 43794 126
43758 43794 111
43758 43802 271
43773 43793 219
43801 43807 4
43820 43825 204
43836 43859 6
43853 43884 175
43881 43906 165
43903 43936 205
43908 43947 188
43917 43951 213
43947 43993 289
43967 43998 170
43976 43999 8
43978 43987 147
43987 44037 139
43997 44019 21
44019 44039 48
44046 44050 177
44060 44101 65
44089 44135 15
44097 44127 12
44099 44127 119
44103 44127 165
44130 44174 112
44135 44160 87
44149 44166 107
44162 44163 31
44183 44196 260
44211 44231 165
44232 44234 163
44261 44304 172
44288 44328 151
44315 44336 226
44334 44380 94
44364 44374 157
44373 44412 94
44397 44424 208
44401 44444 278
44420 44455 43
44445 44489 242
44458 44470 263
44488 44502 132
44516 44534 64
44541 44585 284
44553 44564 78
44581 44618 119
44600 44613 220
44618 44628 159
44648 44665 214
44650 44662 78
44662 44712 67
44672 44699 46
44695 44705 120
44705 44755 59
44726 44737 90
44726 44732 235
44744 44749 24
44751 44762 91
44764 44774 118
44791 44800 236
44813 44832 296
44825 44840 44
44828 44858 198
44853 44887 163
44854 44879 189
44864 44876 137
44879 44890 153
44894 44909 276
44896 44913 143
44902 44951 103
44909 44946 134
44937 44950 89
44943 44973 8
44972 44997 103
44987 45022 13
45016 45024 72
45025 45037 52
45032 45073 183
45057 45071 72
45064 45069 101
45084 45125 185
45105 45138 1
45129 45149 268
45131 45163 15
45131 45175 92
45158 45207 208
45181 45192 93
45196 45198 119
45220 45226 111
45221 45245 35
45242 45258 125
45260 45286 110
45274 45289 269
45300 45313 9
45303 45318 30
45317 45320 154
45343 45391 256
45346 45367 141
45375 45398 67
45394 45410 35
45414 45419 261
45428 45470 53
45442 45481 74
45445 45484 288
45464 45506 193
45471 45516 184
45494 45534 146
45519 45561 199
45528 45539 95
45536 45557 147
45552 45557 220
45559 45581 99
45560 45576 94
45563 45579 93
45576 45590 274
45596 45625 33
45599 45611 109
45625 45670 27
45643 45652 117
45647 45670 61
45674 45722 201
45697 45705 290
45697 45732 190
45700 45736 13
45707 45730 232
45733 45756 183
45733 45778 169
45735 45784 34
45743 45775 263
45770 45798 244
45800 45841 273
45820 45868 97
45842 45883 4
45863 45885 278
45880 45914 188
45902 45944 4
45920 45927 162
45941 45960 168
45961 46002 95
45976 45990 114
45995 46021 109
46011 46055 109
46014 46033 142
46028 46070 186
46048 46059 171
46078 46104 124
46099 46120 158
46112 46125 129
46126 46134 100
46148 46189 184
46162 46183 255
46189 46221 70
46212 46218 52
46231 46234 101
46257 46276 6
46261 46289 4
46287 46337 231
46287 46310 75
46311 46325 94
46322 46366 215
46330 46334 211
46359 46386 35
46380 46402 86
46394 46412 76
46415 46436 239
46418 46431 126
46445 46447 132
46445 46467 216
46471 46518 104
46500 46506 220
46510 46543 113
46524 46535 40
46530 46553 296
46537 46544 224
46540 46579 12
46568 46581 169
46591 46605 215
46597 46627 256
46606 46616 63
46632 46663 73
46651 46684 172
46662 46672 235
46684 46715 189
46697 46716 256
46724 46753 92
46726 46746 94
46747 46753 54
46752 46763 206
46755 46764 199
46782 46788 112
46788 46793 29
46806 46837 281
46831 46881 80
46834 46858 32
46859 46863 294
46869 46910 109
46894 46941 56
46904 46949 123
46934 46948 76
46958 46998 128
46965 46997 14
46985 46993 212
46991 46998 74
47001 47011 214
47018 47033 18
47023 47040 61
47053 47082 257
47062 47080 197
47080 47086 119
47085 47111 259
47107 47141 124
47127 47136 170
47142 47155 127
47167 47190 172
47186 47189 65
47192 47211 243
47200 47223 277
47201 47232 226
47215 47253 256
47225 47232 250
47255 47269 32
47280 47313 121
47283 47325 198
47301 47338 41
47306 47346 157
47325 47364 105
47339 47363 244
47350 47377 297
47377 47399 115
47377 47404 269
47399 47446 201
47412 47439 96
47435 47476 221
47445 47476 202
47453 47469 164
47479 47522 187
47500 47530 297
47513 47523 46
47538 47546 136
47551 47561 273
47581 47618 143
47584 47627 23
47584 47606 274
47610 47623 67
47620 47656 161
47625 47642 178
47649 47667 108
47650 47682 228
47678 47712 195
47700 47719 189
47725 47760 105
47740 47741 33
47740 47763 128
47768 47775 254
47795 47827 71
47800 47803 31
47816 47841 216
47831 47867 121
47839 47843 145
47841 47884 183
47851 47859 163
47864 47876 98
47884 47890 211
47895 47905 269
47903 47929 17
47920 47929 145
47930 47965 159
47952 47993 165
47957 47983 125
47973 48001 167
47976 48003 292
47991 48013 183
47999 48039 10
48000 48012 224
48024 48065 45
48042 48092 232
48060 48103 206
48065 48091 147
48090 48126 116
48093 48127 50
48094 48137 180
48115 48148 13
48133 48143 114
48140 48143 7
48165 48170 287
48186 48222 34
48189 48198 20
48211 48259 87
48214 48245 74
48227 48262 187
48246 48289 17
48256 48297 60
48278 48309 83
48290 48306 248
48304 48305 91
48313 48351 4
48342 48370 297
48349 48394 213
48360 48402 123
48370 48404 144
48374 48415 161
48378 48423 221
48408 48422 173
48418 48427 103
48436 48482 259
48464 48468 251
48492 48507 52
48494 48525 13
48501 48521 237
48513 48515 285
48516 48539 83
48542 48574 206
48557 48598 6
48572 48607 79
48590 48598 236
48608 48639 206
48623 48638 125
48629 48659 269
48659 48707 110
48674 48703 156
48695 48715 287
48706 48711 113
48706 48752 213
48719 48737 174
48738 48771 110
48748 48770 186
48754 48800 285
48781 48805 240
48798 48818 154
48801 48842 123
48809 48828 27
48809 48840 82
48824 48825 180
48852 48864 84
48868 48903 287
48886 48935 285
48916 48938 81
48917 48924 192
48921 48959 13
48925 48950 53
48945 48968 236
48960 48980 96
48986 48993 136
49004 49005 26
49017 49048 50
49046 49075 253
49049 49064 296
49075 49107 167
49099 49148 201
49105 49118 170
49119 49129 272
49122 49127 290
49151 49152 106
49173 49211 251
49183 49217 23
49193 49229 109
49199 49249 169
49203 49253 203
49227 49256 220
49231 49271 64
49238 49255 247
49268 49293 14
49271 49300 58
49279 49307 67
49293 49322 238
49311 49325 19
49316 49322 154
49344 49385 74
49351 49377 194
49354 49355 77
49380 49417 219
49406 49436 268
49411 49438 8
49421 49441 142
49444 49493 271
49454 49483 27
49472 49521 274
49498 49530 238
49503 49504 96
49530 49576 180
49559 49594 34
49585 49627 99
49610 49633 103
49615 49638 69
49631 49644 227
49648 49676 146
49675 49688 52
49695 49699 121
49721 49740 138
49747 49783 151
49751 49778 182
49771 49779 238
49791 49823 171
49815 49850 131
49836 49843 172
49850 49892 165
49878 49923 138
49893 49896 155
49904 49941 197
49912 49926 273
49914 49920 269
49923 49931 150
49927 49968 33
49928 49941 179
49957 49992 152
49967 49968 169
49994 50018 235
50008 50012 299
50035 50058 163
50061 50103 157
50075 50122 291
50088 50118 290
50105 50107 61
50135 50182 200
50140 50148 78
50158 50172 178
50160 50178 5
50180 50181 123
50192 50212 236
50194 50195 238
50195 50223 55
50214 50239 211
50230 50243 22
50239 50269 179
50264 50300 234
50267 50297 11
50271 50280 136
50293 50295 172
50318 50357 169
50329 50366 229
50350 50378 192
50351 50381 89
50381 50415 177
50404 50433 111
50414 50452 130
50421 50426 266
50437 50478 284
50444 50484 236
50446 50456 263
50459 50464 298
50464 50484 199
50473 50483 99
50475 50513 24
50483 50525 174
50511 50551 279
50512 50559 111
50528 50574 116
50556 50600 76
50559 50588 226
50587 50607 25
50597 50612 162
50600 50607 59
50621 50670 185
50638 50672 294
50660 50694 151
50686 50692 122
50708 50750 127
50723 50758 188
50743 50783 52
50763 50800 154
50769 50801 153
50777 50809 3
50806 50856 163
50809 50833 49
50815 50861 139
50830 50879 267
50837 50885 106
50845 50861 89
50859 50863 213
50866 50879 5
50893 50915 97
50908 50933 201
50919 50924 106
50927 50976 145
50956 50998 282
50957 50961 207
50986 51036 282
50999 51011 190
51015 51017 281
51030 51079 266
51057 51072 79
51085 51088 240
51115 51140 102
51145 51176 295
51151 51165 281
51166 51168 166
51196 51211 100
51207 51251 239
51233 51266 10
51236 51270 77
51242 51253 81
51255 51287 89
51270 51300 35
51285 51324 107
51300 51309 296
51311 51351 67
51335 51337 49
51357 51392 165
51362 51381 253
51365 51407 73
51389 51391 51
51407 51415 68
51415 51421 143
51426 51475 280
51427 51477 242
51436 51461 98
51436 51464 227
51453 51483 96
51481 51486 267
51507 51541 143
51511 51532 246
51524 51552 70
51530 51568 178
51537 51587 104
51554 51578 233
51576 51589 248
51594 51608 109
51598 51646 250
51609 51619 93
51635 51665 191
51652 51654 183
51670 51682 244
51695 51733 200
51717 51737 146
51734 51753 48
51740 51751 280
51764 51796 73
51786 51806 84
51789 51795 294
51817 51856 201
51827 51831 251
51837 51868 47
51838 51861 299
51847 51875 198
51870 51881 44
51879 51898 87
51887 51927 184
51894 51912 206
51920 51953 278
51921 51932 2
51944 51950 300
51946 51980 23
51969 52014 206
51977 52003 155
52001 52010 45
52002 52016 108
52005 52018 137
52009 52017 174
52019 52064 132
52039 52080 288
52056 52101 205
52073 52114 272
52082 52116 109
52104 52153 273
52123 52139 119
52149 52195 227
52176 52219 184
52202 52210 210
52226 52259 93
52255 52297 231
52260 52273 51
52274 52287 131
52304 52338 125
52307 52335 256
52314 52351 19
52323 52343 25
52335 52383 227
52342 52361 65
52368 52396 93
52386 52432 112
52396 52431 142
52414 52422 218
52438 52487 203
52450 52463 232
52480 52491 261
52498 52526 53
52528 52546 295
52552 52584 3
52562 52566 225
52575 52599 228
52600 52601 227
52611 52653 227
52614 52633 248
52619 52641 67
52642 52653 140
52653 52661 187
52673 52722 92
52680 52710 93
52697 52719 23
52718 52730 244
52730 52731 6
52737 52764 25
52740 52780 115
52750 52768 199
52773 52815 3
52778 52803 121
52789 52826 270
52799 52809 217
52806 52854 71
52835 52848 188
52841 52843 233
52855 52880 168
52876 52887 102
52895 52909 66
52905 52935 200
52916 52935 277
52946 52960 183
52971 53002 105
52987 53011 281
53010 53039 44
53013 53031 96
53027 53043 159
53057 53071 96
53077 53116 243
53092 53094 208
53120 53143 270
53143 53162 19
53148 53150 191
53169 53196 57
53180 53207 133
53184 53225 112
53207 53216 139
53233 53282 75
53248 53264 283
53274 53308 249
53302 53334 253
53319 53329 168
53330 53336 263
53349 53381 157
53370 53395 166
53377 53396 3
53390 53407 251
53405 53434 152
53426 53459 279
53432 53460 257
53449 53468 168
53476 53498 282
53493 53539 43
53517 53550 211
53533 53536 233
53537 53540 15
53544 53586 79
53571 53612 81
53595 53610 25
53608 53651 125
53623 53653 38
53650 53669 117
53679 53698 43
53694 53730 173
53710 53741 74
53728 53731 131
53749 53789 70
53750 53770 284
53756 53761 97
53779 53816 96
53796 53837 81
53814 53822 300
53829 53858 162
53856 53878 241
53884 53907 158
53910 53941 206
53917 53945 58
53929 53930 133
53942 53963 185
53944 53966 223
53962 53978 104
53967 53988 8
53973 53995 206
53986 53999 217
54004 54051 201
54027 54029 238
54031 54075 66
54042 54066 109
54068 54115 16
54091 54139 144
54115 54136 33
54129 54157 9
54134 54178 30
54154 54167 79
54176 54195 232
54204 54215 92
54223 54260 128
54226 54236 169
54241 54251 151
54270 54279 171
54296 54335 190
54317 54352 18
54327 54349 275
54345 54362 235
54374 54396 255
54374 54405 94
54394 54424 24
54404 54451 142
54430 54450 173
54431 54440 131
54461 54492 119
54472 54490 175
54489 54501 163
54516 54526 28
54537 54574 19
54550 54584 197
54555 54592 270
54581 54620 269
54598 54635 56
54618 54661 184
54628 54641 230
54634 54660 262
54647 54677 131
54653 54663 141
54676 54705 94
54688 54719 104
54708 54748 298
54735 54760 105
54738 54765 271
54740 54757 100
54743 54772 261
54752 54801 2
54763 54807 195
54786 54796 33
54790 54791 263
54791 54807 203
54800 54842 145
54812 54833 288
54818 54827 163
54838 54875 171
54845 54885 59
54855 54879 1
54878 54904 104
54901 54944 3
54912 54940 174
54932 54938 83
54935 54976 11
54948 54971 153
54956 54982 173
54961 55010 168
54962 54999 176
54973 55001 295
54989 55012 262
55003 55041 168
55009 55018 139
55028 55032 296
55055 55076 188
55077 55111 218
55089 55116 99
55107 55134 67
55133 55179 173
55151 55199 255
55155 55188 260
55171 55208 233
55189 55239 102
55194 55225 278
55207 55221 171
55226 55270 58
55244 55251 215
55262 55263 108
55290 55325 238
55314 55328 242
55332 55334 224
55345 55373 60
55365 55398 244
55368 55391 103
55378 55422 203
55404 55452 153
55408 55433 205
55410 55447 38
55432 55459 189
55441 55466 167
55467 55494 252
55494 55499 154
55513 55531 288
55529 55559 23
55538 55551 188
55551 55571 138
55578 55602 252
55583 55626 9
55609 55652 190
55638 55644 215
55642 55674 299
55643 55674 185
55646 55680 206
55649 55692 82
55671 55679 17
55685 55712 38
55687 55711 26
55705 55707 123
55722 55728 229
55733 55783 255
55754 55796 120
55757 55778 86
55765 55777 253
55765 55786 128
55771 55775 149
55772 55785 273
55779 55801 131
55798 55806 26
55801 55814 287
55818 55830 266
55842 55885 236
55854 55865 280
55864 55889 42
55870 55905 109
55886 55910 272
55898 55915 240
55908 55944 51
55918 55952 68
55928 55946 8
55952 55962 129
55958 55982 135
55961 55968 75
55975 56009 66
55985 56010 81
56001 56033 114
56008 56041 70
56022 56060 255
56032 56050 256
56050 56095 216
56052 56086 110
56078 56122 203
56092 56126 18
56095 56114 86
56120 56143 160
56135 56145 86
56141 56158 61
56166 56195 251
56196 56241 50
56226 56259 112
56231 56257 15
56237 56244 95
56237 56240 137
56247 56285 160
56263 56313 134
56271 56304 76
56280 56321 279
56300 56349 232
56326 56343 186
56337 56355 101
56338 56347 177
56342 56379 84
56355 56357 208
56362 56381 111
56378 56404 125
56401 56416 117
56425 56446 55
56434 56477 88
56452 56482 157
56473 56514 28
56488 56513 159
56503 56522 151
56512 56556 28
56519 56563 35
56532 56553 155
56542 56551 158
56571 56585 114
56576 56596 185
56587 56627 207
56601 56634 72
56607 56621 48
56607 56625 283
56632 56674 271
56659 56701 19
56683 56705 92
56701 56737 236
56706 56738 237
56728 56742 77
56748 56778 61
56760 56762 59
56775 56787 296
56804 56845 26
56831 56874 42
56833 56855 231
56833 56867 270
56854 56884 193
56866 56883 131
56879 56902 41
56883 56912 168
56893 56899 54
56916 56960 89
56946 56961 130
56950 56956 94
56961 56985 162
56971 56998 247
57001 57010 130
57010 57056 205
57023 57030 162
57043 57089 114
57044 57053 211
57050 57084 254
57066 57101 252
57091 57131 299
57099 57105 220
57123 57163 232
57145 57174 269
57150 57200 228
57179 57193 77
57197 57222 78
57211 57221 20
57236 57237 18
57249 57256 252
57253 57261 124
57275 57282 146
57291 57333 135
57307 57356 256
57335 57383 257
57345 57361 104
57351 57372 86
57371 57415 165
57394 57407 220
57399 57419 171
57417 57446 37
57435 57437 228
57438 57453 93
57467 57491 51
57470 57500 201
57472 57484 49
57495 57542 222
57497 57504 104
57520 57562 201
57522 57547 100
57523 57535 40
57537 57539 182
57544 57558 299
57554 57570 252
57575 57589 206
57599 57647 82
57607 57625 135
57619 57654 118
57648 57654 99
57674 57697 120
57686 57711 40
57689 57723 48
57704 57711 59
57727 57740 10
57727 57768 244
57749 57786 35
57766 57769 178
57775 57794 94
57797 57843 179
57825 57827 259
57826 57837 234
57842 57883 192
57863 57875 123
57883 57889 128
57902 57933 250
57921 57970 78
57942 57985 42
57960 57967 234
57988 58023 166
57988 57991 300
57989 58032 273
57990 58013 216
58008 58058 95
58031 58033 77
58031 58080 146
58061 58084 85
58070 58104 80
58078 58083 100
58098 58135 209
58113 58124 127
58130 58155 56
58150 58198 56
58157 58188 76
58179 58225 273
58196 58244 6
58199 58201 58
58199 58204 217
58205 58209 76
58210 58245 242
58233 58279 138
58244 58276 248
58262 58264 119
58277 58282 279
58294 58295 285
58308 58339 222
58318 58330 211
58345 58360 288
58350 58355 291
58360 58363 60
58384 58420 264
58408 58447 250
58424 58457 169
58438 58477 186
58454 58463 205
58459 58473 103
58469 58483 146
58474 58482 196
58500 58520 74
58506 58545 289
58508 58522 85
58522 58548 208
58538 58551 29
58561 58605 289
58577 58583 295
58597 58611 81
58619 58655 192
58641 58643 218
58658 58699 201
58684 58694 191
58695 58734 157
58703 58750 143
58723 58742 127
58729 58760 296
58753 58788 88
58757 58779 121
58783 58790 66
58788 58789 217
58796 58845 141
58800 58817 52
58829 58860 175
58858 58904 250
58867 58868 133
58887 58896 138
58906 58940 150
58934 58944 190
58963 59013 41
58988 59010 69
58990 59015 163
59013 59017 238
59021 59046 92
59031 59038 115
59040 59076 245
59067 59104 53
59083 59121 212
59084 59128 30
59104 59144 27
59133 59135 42
59163 59170 272
59163 59172 269
59163 59200 188
59186 59210 228
59212 59221 217
59215 59247 41
59245 59257 127
59274 59300 261
59290 59336 139
59303 59334 220
59318 59334 241
59320 59333 168
59326 59335 86
59326 59346 283
59349 59384 117
59373 59402 168
59388 59433 132
59394 59410 255
59405 59450 38
59409 59451 11
59436 59472 249
59455 59492 55
59484 59499 63
59488 59524 157
59515 59543 227
59544 59575 241
59574 59585 157
59577 59582 175
59594 59601 24
59595 59631 208
59599 59644 40
59617 59626 129
59621 59642 132
59624 59626 157
59646 59663 183
59671 59710 155
59697 59742 6
59705 59715 95
59729 59731 215
59744 59782 155
59747 59785 256
59750 59759 1
59757 59787 3
59775 59812 251
59789 59812 175
59795 59797 175
59801 59831 191
59814 59834 8
59815 59854 295
59824 59857 31
59845 59881 153
59855 59903 40
59883 59914 90
59888 59926 81
59911 59955 262
59914 59919 259
59940 59989 53
59956 59993 177
59968 59975 171
59983 60031 155
60005 60038 194
60025 60064 297
60039 60079 22
60039 60052 172
60063 60074 269
60081 60117 211
60095 60101 298
60096 60122 232
60125 60171 159
60149 60177 190
60155 60185 81
60180 60226 284
60210 60252 91
60226 60240 15
60230 60239 149
60248 60254 62
60261 60274 143
60266 60286 284
60276 60287 247
60276 60293 257
60285 60334 123
60299 60327 39
60303 60347 39
60326 60370 190
60333 60382 267
60339 60371 249
60342 60343 165
60343 60360 126
60362 60398 186
60378 60412 89
60403 60448 22
60412 60445 267
60412 60424 219
60420 60448 185
60428 60432 275
60442 60478 206
60446 60462 185
60462 60509 244
60474 60493 7
60489 60518 200
60492 60541 79
60504 60537 167
60533 60581 156
60547 60558 152
60569 60600 167
60586 60615 70
60613 60659 193
60640 60664 190
60654 60669 31
60658 60665 8
60675 60717 139
60690 60735 190
60696 60713 23
60701 60750 230
60706 60708 268
60714 60759 141
60727 60734 69
60730 60767 86
60753 60786 77
60757 60802 11
60782 60821 222
60795 60798 179
60805 60831 141
60831 60870 181
60847 60883 199
60862 60906 193
60870 60880 28
60899 60915 150
60913 60925 197
60938 60946 101
60945 60990 110
60973 60982 109
61000 61013 20
61011 61053 46
61034 61065 103
61043 61055 211
61058 61094 292
61060 61081 277
61081 61123 183
61084 61132 269
61104 61139 87
61120 61145 193
61145 61150 240
61158 61193 221
61184 61202 164
61199 61208 40
61221 61266 23
61234 61276 145
61252 61264 25
61277 61300 268
61299 61324 1
61325 61336 75
61339 61362 157
61345 61379 113
61350 61356 287
61363 61372 52
61374 61375 135
61374 61400 24
61379 61385 7
61385 61390 179
61388 61390 200
61418 61430 21
61438 61466 92
61440 61490 183
61469 61516 210
61487 61529 135
61516 61554 3
61526 61573 127
61528 61569 162
61528 61565 159
61544 61587 152
61546 61581 15
61565 61610 97
61588 61612 163
61589 61598 16
61606 61611 37
61613 61657 67
61639 61689 112
61650 61677 56
61650 61657 159
61664 61705 283
61694 61734 239
61697 61746 77
61713 61761 21
61725 61728 211
61739 61777 166
61756 61798 299
61785 61822 175
61804 61809 218
61818 61836 39
61826 61834 214
61835 61845 54
61861 61893 186
61874 61894 29
61884 61925 268
61904 61932 104
61911 61944 119
61912 61931 75
61912 61934 180
61922 61926 129
61949 61964 165
61969 62012 68
61976 62009 161
61997 61999 260
62027 62069 97
62051 62062 29
62071 62090 251
62099 62102 295
62121 62141 226
62131 62147 293
62131 62134 262
62155 62160 300
62180 62183 235
62192 62222 261
62209 62251 248
62224 62236 285
62239 62260 25
62243 62262 127
62272 62289 41
62294 62317 5
62303 62345 74
62332 62351 72
62349 62350 3
62354 62399 202
62361 62394 90
62382 62421 17
62401 62437 237
62402 62423 247
62402 62414 249
62410 62446 95
62412 62432 298
62423 62449 24
62451 62459 72
62470 62483 58
62491 62522 279
62520 62524 133
62524 62564 203
62528 62560 29
62545 62592 123
62547 62563 83
62552 62600 158
62564 62579 264
62573 62617 185
62588 62635 157
62589 62598 40
62618 62653 47
62642 62687 176
62660 62689 212
62661 62677 268
62672 62707 192
62695 62714 200
62715 62755 123
62741 62753 73
62754 62763 75
62763 62801 38
62774 62779 93
62782 62820 50
62796 62837 300
62820 62856 245
62820 62855 97
62828 62870 187
62854 62892 174
62870 62882 165
62897 62923 228
62917 62918 164
62917 62930 60
62924 62947 34
62936 62947 156
62939 62988 248
62951 62958 105
62979 62990 13
62985 62998 183
62991 63008 62
63002 63004 153
63016 63050 290
63025 63027 80
63037 63075 51
63059 63084 212
63076 63095 32
63083 63102 67
63090 63094 150
63119 63169 230
63137 63181 140
63144 63181 235
63149 63168 104
63167 63211 177
63171 63211 166
63184 63207 207
63203 63224 154
63203 63246 77
63226 63271 286
63241 63291 181
63258 63277 17
63268 63284 205
63279 63282 37
63285 63286 34
63300 63307 105
63303 63311 265
63321 63351 42
63324 63357 109
63328 63369 60
63344 63351 4
63373 63382 227
63398 63443 280
63409 63441 117
63429 63475 282
63447 63475 242
63447 63476 272
63472 63504 296
63475 63510 84
63492 63523 94
63518 63544 186
63523 63561 92
63547 63573 150
63555 63581 254
63564 63581 5
63581 63602 269
63592 63607 38
63612 63628 201
63633 63650 171
63649 63682 148
63677 63716 81
63699 63709 187
63701 63731 161
63724 63744 204
63739 63758 297
63741 63769 242
63760 63809 284
63770 63790 238
63775 63785 46
63778 63805 233
63799 63840 255
63809 63852 56
63830 63833 291
63844 63892 13
63861 63903 65
63873 63919 168
63892 63901 21
63902 63905 129
63909 63928 140
63920 63944 110
63925 63936 137
63951 63964 112
63958 63985 291
63969 64011 274
63984 64027 109
63998 64028 188
64028 64058 173
64031 64059 33
64055 64057 227
64085 64099 30
64105 64137 116
64109 64151 131
64124 64125 41
64124 64143 191
64138 64145 247
64152 64168 8
64166 64213 262
64188 64216 133
64214 64260 28
64232 64272 248
64249 64256 237
64265 64302 290
64288 64301 243
64315 64355 5
64330 64353 96
64352 64400 101
64372 64381 98
64396 64441 67
64416 64464 46
64427 64433 287
64436 64451 51
64458 64482 155
64483 64523 104
64491 64515 130
64505 64509 227
64535 64583 41
64551 64554 113
64573 64611 71
64592 64600 149
64595 64630 112
64614 64634 57
64621 64641 217
64633 64659 111
64649 64694 56
64679 64698 101
64708 64712 279
64712 64751 18
64718 64722 239
64732 64751 149
64738 64779 129
64756 64765 223
64768 64806 14
64778 64824 87
64807 64815 252
64830 64861 221
64843 64845 167
64857 64872 45
64886 64931 96
64892 64915 209
64904 64954 160
64930 64971 256
64944 64966 200
64969 64972 92
64991 65008 70
65002 65007 236
65028 65041 28
65058 65064 71
65087 65119 144
65106 65134 256
65118 65144 190
65124 65138 119
65143 65155 215
65171 65206 210
65197 65214 138
65207 65218 233
65230 65233 270
65232 65245 220
65232 65273 166
65233 65264 235
65233 65246 152
65240 65290 129
65259 65281 295
65283 65327 253
65286 65316 152
65301 65326 121
65303 65319 131
65327 65337 107
65356 65391 232
65357 65405 99
65365 65379 119
65389 65415 214
65391 65432 272
65391 65439 23
65416 65459 297
65444 65488 137
65460 65483 21
65490 65512 22
65501 65551 241
65508 65518 254
65528 65569 217
65538 65563 46
65542 65584 246
65545 65558 271
65575 65584 287
65585 65607 102
65601 65619 291
65610 65659 87
65635 65666 12
65657 65680 110
65677 65723 16
65694 65714 65
65720 65733 194
65747 65773 40
65753 65793 135
65755 65805 123
65765 65782 128
65779 65817 289
65789 65810 54
65803 65841 251
65810 65841 267
65828 65875 245
65841 65880 49
65852 65867 171
65875 65903 140
65879 65929 23
65901 65905 3
65902 65905 294
65903 65912 284
65923 65947 75
65939 65964 236
65969 66004 120
65976 66021 85
65988 65997 229
66018 66030 244
66035 66080 65
66063 66090 83
66091 66099 105
66119 66158 45
66128 66140 34
66131 66167 192
66156 66159 54
66164 66175 173
66164 66173 241
66191 66223 37
66208 66230 282
66223 66229 34
66249 66253 282
66267 66285 196
66284 66308 238
66309 66311 123
66333 66369 193
66350 66355 271
66369 66400 260
66384 66423 122
66403 66420 298
66424 66442 112
66447 66490 222
66464 66467 285
66485 66517 278
66496 66540 3
66500 66548 159
66502 66542 23
66519 66525 193
66539 66555 290
66563 66575 214
66586 66594 297
66598 66632 42
66617 66655 28
66640 66645 251
66640 66677 287
66661 66697 94
66673 66712 247
66673 66705 279
66678 66693 183
66681 66710 154
66696 66722 264
66699 66719 279
66724 66750 40
66750 66795 214
66780 66783 30
66787 66829 298
66814 66836 43
66840 66859 272
66865 66888 72
66894 66913 217
66904 66922 57
66933 66950 255
66961 67006 181
66968 66972 115
66986 66988 272
66989 66997 281
67014 67033 151
67040 67052 128
67060 67066 190
67077 67126 284
67093 67099 86
67117 67124 267
67144 67178 229
67146 67161 47
67147 67166 19
67161 67186 274
67171 67198 17
67190 67211 289
67190 67196 17
67220 67256 28
67232 67259 264
67248 67252 71
67261 67306 126
67272 67303 114
67276 67286 11
67279 67329 273
67280 67303 159
67307 67314 269
67334 67382 212
67351 67385 262
67362 67374 35
67391 67403 226
67420 67432 116
67426 67445 215
67450 67451 88
67467 67513 132
67492 67535 121
67522 67556 196
67550 67598 15
67574 67589 110
67596 67613 182
67611 67622 252
67623 67671 163
67637 67667 66
67643 67656 22
67648 67689 124
67663 67667 72
67688 67715 47
67693 67726 100
67720 67768 100
67727 67766 40
67750 67756 37
67774 67800 190
67785 67827 268
67812 67859 278
67833 67834 61
67858 67866 145
67866 67877 144
67874 67886 157
67884 67922 236
67912 67927 225
67916 67951 48
67939 67960 236
67943 67975 22
67955 67970 59
67977 67987 25
67983 68025 92
68004 68049 222
68031 68063 68
68060 68076 251
68085 68102 238
68087 68127 186
68107 68132 216
68128 68140 15
68147 68193 282
68147 68174 97
68168 68178 109
68184 68229 4
68185 68211 149
68212 68243 171
68241 68262 191
68264 68282 227
68268 68301 299
68273 68278 201
68273 68298 36
68280 68322 158
68280 68295 252
68280 68329 47
68287 68329 164
68317 68322 138
68321 68350 213
68337 68363 68
68357 68368 287
68376 68418 170
68397 68402 46
68422 68430 149
68438 68473 82
68467 68512 297
68482 68496 33
68498 68509 194
68520 68528 12
68548 68586 113
68571 68585 85
68578 68604 244
68605 68639 269
68625 68644 31
68641 68679 47
68654 68667 111
68680 68723 235
68705 68724 114
68726 68750 154
68741 68754 217
68744 68754 111
68748 68788 221
68760 68783 209
68785 68817 43
68797 68807 234
68808 68857 206
68814 68854 259
68825 68846 238
68831 68862 57
68858 68902 83
68863 68909 157
68878 68900 93
68904 68933 198
68918 68928 34
68932 68942 85
68957 68988 207
68983 69013 199
69010 69049 63
69018 69041 95
69028 69055 63
69041 69043 90
69041 69091 12
69058 69063 220
69079 69086 104
69091 69122 148
69119 69140 215
69121 69144 40
69136 69139 112
69148 69194 82
69157 69190 262
69186 69216 150
69199 69248 149
69214 69241 25
69231 69270 246
69235 69279 80
69256 69289 264
69279 69293 154
69279 69305 141
69292 69336 152
69300 69342 143
69318 69359 86
69343 69386 159
69345 69384 203
69367 69378 98
69386 69393 255
69390 69404 67
69400 69409 43
69416 69462 253
69445 69462 74
69451 69501 162
69451 69464 297
69474 69493 90
69489 69498 272
69498 69500 65
69506 69546 232
69521 69563 60
69542 69564 265
69551 69557 164
69557 69573 157
69581 69594 267
69603 69643 6
69623 69624 175
69637 69673 67
69649 69661 241
69656 69676 239
69667 69671 185
69693 69702 39
69706 69721 226
69729 69769 102
69754 69793 154
69757 69773 249
69777 69779 33
69777 69817 11
69806 69829 260
69830 69855 12
69837 69869 211
69847 69885 299
69864 69884 11
69866 69890 253
69896 69919 263
69902 69938 145
69915 69936 79
69920 69968 244
69946 69973 106
69948 69980 54
69966 70016 35
69977 70026 73
69991 70014 200
69993 70024 276
70023 70036 200
70029 70053 137
70047 70064 69
70067 70069 192
70091 70099 19
70099 70103 272
70122 70168 132
70136 70172 6
70159 70175 284
70159 70164 44
70159 70179 26
70187 70203 170
70193 70200 34
70222 70249 165
70224 70267 158
70246 70274 130
70267 70284 177
70269 70294 148
70284 70327 91
70305 70318 1
70322 70363 32
70346 70358 203
70361 70399 79
70362 70372 202
70390 70415 246
70392 70428 192
70412 70435 196
70437 70476 213
70451 70477 242
70475 70516 14
70493 70540 169
70494 70530 262
70507 70531 16
70535 70560 101
70554 70593 71
70558 70580 100
70578 70597 139
70592 70606 227
70622 70669 127
70623 70626 125
70630 70651 263
70632 70676 270
70636 70647 45
70648 70668 183
70664 70693 265
70671 70685 95
70700 70715 143
70714 70716 30
70717 70749 229
70744 70755 198
70774 70788 67
70799 70826 213
70827 70856 176
70843 70861 90
70863 70868 249
70876 70883 138
70890 70892 123
70914 70934 210
70939 70941 212
70939 70960 167
70948 70994 65
70952 70991 42
70962 70968 205
70976 71013 115
71006 71011 164
71036 71079 37
71049 71060 221
71073 71108 257
71082 71116 152
71101 71110 270
71118 71165 244
71148 71151 231
71151 71173 228
71156 71175 267
71177 71208 225
71190 71202 298
71206 71251 36
71207 71216 49
71209 71211 262
71230 71254 144
71235 71279 270
71238 71282 14
71253 71268 221
71255 71266 187
71255 71267 26
71284 71312 89
71302 71325 121
71302 71332 220
71311 71344 149
71311 71322 65
71340 71356 53
71342 71351 219
71366 71402 214
71375 71383 178
71384 71385 300
71401 71433 213
71421 71457 242
71429 71476 273
71459 71460 163
71479 71488 297
71488 71503 44
71493 71536 210
71518 71519 93
71542 71573 201
71556 71572 266
71577 71605 252
71584 71585 192
71586 71589 168
71595 71627 280
71608 71619 277
71614 71635 248
71626 71628 155
71638 71654 207
71662 71701 245
71680 71712 102
71706 71753 216
71727 71747 55
71755 71775 207
71757 71764 143
71785 71797 53
71802 71831 250
71813 71854 276
71827 71864 20
71841 71871 172
71857 71861 224
71881 71897 235
71900 71904 83
71925 71932 142
71955 71978 41
71980 72008 4
71994 72021 289
72016 72049 182
72032 72035 157
72033 72047 294
72060 72107 63
72064 72105 130
72087 72117 99
72117 72149 178
72128 72131 254
72131 72165 45
72157 72167 214
72181 72225 201
72186 72214 239
72212 72221 58
72214 72231 69
72231 72264 42
72260 72307 173
72289 72317 122
72309 72325 77
72325 72360 133
72345 72388 127
72367 72372 298
72388 72409 83
72406 72423 132
72435 72451 131
72442 72454 243
72465 72482 256
72484 72512 273
72484 72532 100
72495 72516 10
72510 72552 255
72514 72519 1
72525 72552 241
72525 72565 162
72543 72565 153
72566 72574 274
72580 72629 56
72583 72584 226
72594 72637 259
72616 72628 45
72645 72669 214
72658 72663 162
72659 72701 75
72683 72698 71
72713 72721 166
72728 72755 253
72748 72752 237
72774 72815 253
72782 72824 40
72798 72823 261
72804 72812 64
72812 72820 222
72823 72863 145
72852 72875 225
72864 72876 209
72869 72877 135
72886 72928 167
72916 72957 213
72917 72951 294
72930 72947 96
72952 72973 11
72978 73002 257
72978 72982 240
72989 73017 280
72991 73004 217
72996 73000 59
73022 73059 54
73041 73044 68
73063 73077 16
73069 73097 16
73087 73125 150
73096 73107 60
73106 73137 230
73133 73152 246
73150 73157 48
73165 73167 32
73167 73172 268
73189 73193 142
73207 73241 25
73223 73235 255
73235 73285 193
73260 73293 105
73273 73276 88
73299 73309 140
73325 73326 10
73343 73365 197
73364 73399 36
73372 73379 67
73385 73421 209
73406 73428 51
73407 73432 13
73428 73440 105
73443 73444 224
73458 73494 251
73479 73507 143
73506 73512 188
73529 73579 253
73558 73564 246
73571 73617 119
73573 73597 147
73590 73637 293
73593 73613 134
73622 73664 174
73640 73670 276
73660 73682 77
73674 73689 170
73681 73711 199
73687 73720 294
73701 73727 47
73711 73727 224
73731 73771 211
73744 73793 90
73765 73783 255
73792 73823 228
73812 73828 198
73828 73866 73
73854 73889 211
73855 73883 133
73868 73876 170
73880 73896 46
73896 73906 87
73920 73944 213
73928 73945 111
73935 73953 28
73945 73946 178
73947 73960 163
73975 73990 70
73984 74006 229
73987 74033 99
74001 74008 250
74029 74058 184
74045 74078 57
74072 74112 134
74093 74141 153
74096 74104 135
74113 74162 230
74140 74187 19
74142 74149 124
74167 74217 165
74169 74175 67
74173 74177 171
74185 74230 74
74186 74218 155
74195 74222 240
74195 74212 183
74221 74268 38
74225 74246 222
74238 74251 295
74245 74293 29
74246 74252 267
74268 74269 257
74283 74296 203
74286 74315 256
74309 74325 137
74322 74348 210
74325 74363 161
74342 74386 14
74343 74351 122
74345 74373 45
74346 74366 153
74349 74360 179
74362 74402 165
74391 74406 7
74411 74459 164
74434 74449 194
74454 74479 221
74481 74492 100
74500 74524 279
74528 74543 189
74550 74574 234
74568 74607 219
74568 74597 35
74590 74595 15
74612 74629 247
74622 74627 127
74622 74650 68
74624 74657 38
74628 74664 240
74654 74669 43
74667 74704 264
74669 74677 68
74695 74717 268
74718 74725 68
74733 74739 267
74756 74792 139
74773 74777 60
74796 74840 182
74797 74821 158
74800 74821 197
74815 74864 104
74830 74847 8
74837 74884 280
74850 74864 143
74859 74896 223
